0.3192009925842285
0.3254821300506592
0.32669997215270996
0.3272261619567871
0.33495497703552246
0.33617091178894043
0.3404688835144043
0.41995811462402344
0.5092527866363525
0.5132970809936523
0.3069620132446289
0.5200507640838623
0.29826784133911133
0.3059988021850586
0.5279979705810547
0.4151420593261719
0.2788851261138916
0.2754979133605957
0.4728820323944092
0.48131418228149414
0.48195505142211914
0.4136698246002197
0.3324286937713623
0.46231889724731445
0.45219922065734863
0.37172579765319824
0.3127150535583496
0.47122693061828613
0.34424400329589844
0.47664570808410645
0.3442807197570801
0.2679169178009033
0.4593362808227539
0.45657873153686523
0.42153501510620117
0.2747209072113037
0.2827908992767334
0.48057007789611816
0.3246190547943115
0.28043484687805176
0.26925110816955566
0.4055442810058594
0.27486419677734375
0.404583215713501
0.28349900245666504
0.5285372734069824
0.5923008918762207
0.28353404998779297
0.4414551258087158
0.4415280818939209
0.4433431625366211
0.29457926750183105
0.507922887802124
0.4833180904388428
0.3614637851715088
0.3531301021575928
0.341843843460083
0.505626916885376
0.36434221267700195
0.5056231021881104
0.5130858421325684
0.5106182098388672
0.5010716915130615
0.5025467872619629
0.5037021636962891
0.32290196418762207
0.322526216506958
0.33511900901794434
0.33557987213134766
0.32942724227905273
0.33709192276000977
0.33886003494262695
0.5234558582305908
0.5383901596069336
0.5382239818572998
0.36415600776672363
0.5487213134765625
0.33237695693969727
0.3410220146179199
0.34964990615844727
0.5372388362884521
0.5399811267852783
0.5573301315307617
0.35568881034851074
0.5596399307250977
0.3179199695587158
0.5059289932250977
0.5080959796905518
0.5104491710662842
0.35288000106811523
0.5262660980224609
0.36037492752075195
0.46250295639038086
0.3724088668823242
0.33267712593078613
0.3039681911468506
0.29188084602355957
0.2995588779449463
0.2970590591430664
0.48283910751342773
