0.2695338726043701
0.27864813804626465
0.27686500549316406
0.27358102798461914
0.283627986907959
0.28707194328308105
0.2849140167236328
0.28998279571533203
0.27865028381347656
0.45078086853027344
0.2761852741241455
0.28307199478149414
0.2874770164489746
0.47802209854125977
0.39856600761413574
0.5987279415130615
0.43483877182006836
0.2727041244506836
0.4532768726348877
0.29531216621398926
0.4705028533935547
0.38643789291381836
0.417525053024292
0.33058619499206543
0.44449305534362793
0.4586002826690674
0.32698893547058105
0.3574810028076172
0.3911728858947754
0.3135652542114258
0.4228522777557373
0.4335482120513916
0.43208909034729004
0.3229818344116211
0.3581576347351074
0.40038394927978516
0.39464616775512695
0.3047339916229248
0.39158010482788086
0.3854367733001709
0.4847102165222168
0.3854959011077881
0.3865351676940918
0.40537500381469727
0.44716691970825195
0.37483811378479004
0.3182411193847656
0.366135835647583
0.3119330406188965
0.4001281261444092
0.4060511589050293
0.3742048740386963
0.3721468448638916
0.34926795959472656
0.3451089859008789
0.42392706871032715
0.43721985816955566
0.316007137298584
0.45302295684814453
0.41220617294311523
0.31590986251831055
0.4238600730895996
0.5174720287322998
0.45276904106140137
0.3448960781097412
0.3890368938446045
0.5005660057067871
0.34105706214904785
0.5046207904815674
0.4056718349456787
0.42929792404174805
0.5059850215911865
0.4298429489135742
0.34272313117980957
0.33446669578552246
0.33570289611816406
0.3411068916320801
0.32808494567871094
0.3063538074493408
0.3095240592956543
0.4803049564361572
0.3172628879547119
0.5016298294067383
0.3313159942626953
0.49965476989746094
0.3314650058746338
0.28662991523742676
0.47147083282470703
0.2986726760864258
0.4775691032409668
0.26919102668762207
0.29120588302612305
0.3128528594970703
0.5070929527282715
0.2358400821685791
0.40622496604919434
0.24892187118530273
0.4092700481414795
0.40904974937438965
0.2551610469818115
