0.255856990814209
0.26455235481262207
0.26253795623779297
0.2650151252746582
0.2653050422668457
0.27209901809692383
0.2154560089111328
0.21677899360656738
0.23008990287780762
0.22757697105407715
0.22615289688110352
0.23305177688598633
0.22259092330932617
0.22618484497070312
0.23076891899108887
0.22640275955200195
0.24187397956848145
0.23096084594726562
0.22988080978393555
0.2318251132965088
0.23221611976623535
0.23308086395263672
0.24121809005737305
0.23767709732055664
0.19493508338928223
0.2001478672027588
0.19798707962036133
0.1976010799407959
0.2020728588104248
0.2115159034729004
0.19639301300048828
0.21349120140075684
0.20876693725585938
0.21232318878173828
0.20672607421875
0.20311713218688965
0.1949169635772705
0.194566011428833
0.1962871551513672
0.20349884033203125
0.20659422874450684
0.20596599578857422
0.2119300365447998
0.20256900787353516
0.20776104927062988
0.20586895942687988
0.21143341064453125
0.21375417709350586
0.2056441307067871
0.20583486557006836
0.20664000511169434
0.23433971405029297
0.2318110466003418
0.23335504531860352
0.2298109531402588
0.23079395294189453
0.2346360683441162
0.23538899421691895
0.24303913116455078
0.24138188362121582
0.23179912567138672
0.23668193817138672
0.23691701889038086
0.24030208587646484
0.24074387550354004
0.24141788482666016
0.2360680103302002
0.2410750389099121
0.250180721282959
0.25595521926879883
0.25174784660339355
0.2520160675048828
0.2420971393585205
0.23839592933654785
0.2543067932128906
0.2409229278564453
0.24899983406066895
0.3287980556488037
0.23254990577697754
0.23953604698181152
0.23314571380615234
0.23674774169921875
0.25725603103637695
0.2298269271850586
0.22009801864624023
0.22735309600830078
0.21980524063110352
0.22934198379516602
0.22090697288513184
0.207122802734375
0.22330069541931152
0.22179508209228516
0.22295784950256348
0.22280383110046387
0.2278149127960205
0.2123110294342041
0.19127607345581055
0.19049692153930664
0.19516205787658691
0.1937570571899414
