0.3166980743408203
0.3178060054779053
0.3208191394805908
0.32524609565734863
0.3223838806152344
0.3228328227996826
0.32610607147216797
0.3857421875
0.472412109375
0.47225308418273926
0.4859299659729004
0.4873378276824951
0.50541090965271
0.5121769905090332
0.5199968814849854
0.4319796562194824
0.4288311004638672
0.42823195457458496
0.43695521354675293
0.4499220848083496
0.4308741092681885
0.4983508586883545
0.5333900451660156
0.43389081954956055
0.4416978359222412
0.46559906005859375
0.44203782081604004
0.42842888832092285
0.4663970470428467
0.44057202339172363
0.5634188652038574
0.4532759189605713
0.44623470306396484
0.427152156829834
0.46264219284057617
0.47751498222351074
0.46300411224365234
0.4353008270263672
0.46016383171081543
0.4491860866546631
0.4545469284057617
0.4259200096130371
0.48891210556030273
0.5761568546295166
0.4517209529876709
0.443530797958374
0.4421839714050293
0.4562220573425293
0.4725189208984375
0.4657101631164551
0.5713009834289551
0.48252201080322266
0.4726841449737549
0.4799168109893799
0.48397183418273926
0.44801998138427734
0.5667760372161865
0.5752968788146973
0.4611480236053467
0.4686720371246338
0.6620349884033203
0.5699348449707031
0.5596601963043213
0.5982489585876465
0.520439863204956
0.5817930698394775
0.5208718776702881
0.5788350105285645
0.6590800285339355
0.5100789070129395
0.3793189525604248
0.6589798927307129
0.5751039981842041
0.5739078521728516
0.521198034286499
0.49421000480651855
0.474088191986084
0.5980298519134521
0.5834472179412842
0.36355113983154297
0.5269041061401367
0.32540202140808105
0.5356769561767578
0.539414644241333
0.5423452854156494
0.5426280498504639
0.5463001728057861
0.5465893745422363
0.49326586723327637
0.4968400001525879
0.5029833316802979
0.30413198471069336
0.5077698230743408
0.5110960006713867
0.5124392509460449
0.5200409889221191
0.4033830165863037
0.4091060161590576
0.4109530448913574
0.4138050079345703
