0.2679879665374756
0.2915172576904297
0.28825807571411133
0.2968769073486328
0.29474616050720215
0.31279802322387695
0.32346105575561523
0.384631872177124
0.4627718925476074
0.4634568691253662
0.4754660129547119
0.31528711318969727
0.48169374465942383
0.5058910846710205
0.3982410430908203
0.43355321884155273
0.4234309196472168
0.4479560852050781
0.45896482467651367
0.3945958614349365
0.46713900566101074
0.38882994651794434
0.43274474143981934
0.4276258945465088
0.3978271484375
0.42861008644104004
0.44527101516723633
0.39658021926879883
0.414492130279541
0.4627351760864258
0.42240476608276367
0.39142489433288574
0.39737820625305176
0.46076202392578125
0.380357027053833
0.4643411636352539
0.4340217113494873
0.4433438777923584
0.43536996841430664
0.4328429698944092
0.4568610191345215
0.4562387466430664
0.44106483459472656
0.4149441719055176
0.4077918529510498
0.39782190322875977
0.44521284103393555
0.4401087760925293
0.384260892868042
0.41745710372924805
0.38474297523498535
0.328125
0.3086881637573242
0.48080015182495117
0.49335312843322754
0.4443070888519287
0.46367597579956055
0.43862390518188477
0.48633503913879395
0.4793407917022705
0.35642099380493164
0.3932759761810303
0.48176121711730957
0.4635350704193115
0.48685121536254883
0.535010814666748
0.6239299774169922
0.46797609329223633
0.4267110824584961
0.4785621166229248
0.456798791885376
0.4295637607574463
0.533872127532959
0.5218551158905029
0.44085097312927246
0.4312582015991211
0.4325098991394043
0.32541704177856445
0.320235013961792
0.3268129825592041
0.5879380702972412
0.27101612091064453
0.4676508903503418
0.4680907726287842
0.46727490425109863
0.27802300453186035
0.5056259632110596
0.37347888946533203
0.5843160152435303
0.43059515953063965
0.4343831539154053
0.4381217956542969
0.4411139488220215
0.47149205207824707
0.3253002166748047
0.3611106872558594
0.34750795364379883
0.3238039016723633
0.28123903274536133
0.3495218753814697
