0.28333115577697754
0.285419225692749
0.29781198501586914
0.2968270778656006
0.29476499557495117
0.3191196918487549
0.3597121238708496
0.358630895614624
0.29176807403564453
0.47382211685180664
0.3006632328033447
0.29059505462646484
0.2501218318939209
0.3412129878997803
0.3997058868408203
0.39291906356811523
0.2796480655670166
0.27492713928222656
0.29042577743530273
0.4202768802642822
0.33362793922424316
0.3657708168029785
0.355593204498291
0.2966279983520508
0.27845191955566406
0.27922511100769043
0.3262012004852295
0.3272871971130371
0.2601747512817383
0.35292506217956543
0.3200697898864746
0.38924431800842285
0.3021581172943115
0.3714120388031006
0.32361602783203125
0.39487719535827637
0.3394031524658203
0.33252906799316406
0.299083948135376
0.3564119338989258
0.3643639087677002
0.32793116569519043
0.3466978073120117
0.2833402156829834
0.30088114738464355
0.2900378704071045
0.4097559452056885
0.3396773338317871
0.32282495498657227
0.3652839660644531
0.334575891494751
0.31842899322509766
0.31432580947875977
0.23822498321533203
0.2807469367980957
0.413952112197876
0.34532809257507324
0.34410595893859863
0.2809159755706787
0.32770204544067383
0.3064110279083252
0.387556791305542
0.29874277114868164
0.44135499000549316
0.42505502700805664
0.36765098571777344
0.34701991081237793
0.35387396812438965
0.31206417083740234
0.44437408447265625
0.3172731399536133
0.3223750591278076
0.47253990173339844
0.38448119163513184
0.34670186042785645
0.29522013664245605
0.2876558303833008
0.28977060317993164
0.2876138687133789
0.2828230857849121
0.28432393074035645
0.46088290214538574
0.4238090515136719
0.324509859085083
0.28362107276916504
0.28195881843566895
0.27815699577331543
0.2947220802307129
0.2937297821044922
0.3167729377746582
0.4046032428741455
0.2639498710632324
0.2647521495819092
0.26718997955322266
0.2724437713623047
0.28786706924438477
0.2586400508880615
0.26416897773742676
0.21469497680664062
0.21307110786437988
