0.20190787315368652
0.19963908195495605
0.20159578323364258
0.20385408401489258
0.1867380142211914
0.18672895431518555
0.18687176704406738
0.1873631477355957
0.1717219352722168
0.17081093788146973
0.1757979393005371
0.1739518642425537
0.17454910278320312
0.17789006233215332
0.1768481731414795
0.17772912979125977
0.1732800006866455
0.17351198196411133
0.173598051071167
0.17712736129760742
0.1712789535522461
0.17145705223083496
0.17142701148986816
0.17331719398498535
0.1744987964630127
0.17774319648742676
0.17524313926696777
0.17716193199157715
0.18497705459594727
0.18512606620788574
0.18491172790527344
0.18476271629333496
0.1836538314819336
0.18385004997253418
0.1840362548828125
0.18392610549926758
0.18714189529418945
0.18785810470581055
0.18787789344787598
0.19054698944091797
0.17057394981384277
0.17553305625915527
0.17420601844787598
0.17443609237670898
0.17608022689819336
0.17649412155151367
0.1775219440460205
0.1778697967529297
0.1752469539642334
0.17510485649108887
0.17610597610473633
0.1761312484741211
0.17482709884643555
0.1761472225189209
0.17562317848205566
0.17772507667541504
0.17416715621948242
0.17368102073669434
0.17491793632507324
0.17734813690185547
0.18970584869384766
0.18886971473693848
0.19015812873840332
0.19103407859802246
0.19102907180786133
0.18950200080871582
0.19146990776062012
0.19156718254089355
0.17548418045043945
0.18042707443237305
0.17968082427978516
0.1790757179260254
0.18250799179077148
0.18184232711791992
0.18209314346313477
0.1829221248626709
0.18062496185302734
0.18033385276794434
0.18175888061523438
0.18652081489562988
0.17472410202026367
0.17897605895996094
0.17817378044128418
0.17991185188293457
0.17188215255737305
0.17231202125549316
0.17231512069702148
0.17533278465270996
0.1749100685119629
0.17602896690368652
0.17901396751403809
0.17844605445861816
0.17978692054748535
0.18034696578979492
0.18528103828430176
0.1838397979736328
0.1758098602294922
0.17944097518920898
0.17931604385375977
0.18065309524536133
