0.2691619396209717
0.2722299098968506
0.27117013931274414
0.2750251293182373
0.284592866897583
0.28057122230529785
0.39470410346984863
0.2527940273284912
0.25882720947265625
0.25455808639526367
0.24134087562561035
0.254626989364624
0.25159692764282227
0.23253512382507324
0.24443292617797852
0.2803671360015869
0.26102709770202637
0.2649080753326416
0.29081130027770996
0.2757720947265625
0.2654080390930176
0.2651028633117676
0.2513730525970459
0.277454137802124
0.2693939208984375
0.25371217727661133
0.2546963691711426
0.26154589653015137
0.2531418800354004
0.2694129943847656
0.26993799209594727
0.2654459476470947
0.2682669162750244
0.3321819305419922
0.25892186164855957
0.2660360336303711
0.26560306549072266
0.279278039932251
0.27692699432373047
0.2737240791320801
0.32128000259399414
0.25641417503356934
0.2612020969390869
0.26632213592529297
0.27051210403442383
0.266726016998291
0.3083231449127197
0.2969841957092285
0.2663543224334717
0.27959609031677246
0.30404090881347656
0.3021509647369385
0.34765100479125977
0.35852599143981934
0.2826540470123291
0.26815104484558105
0.29043006896972656
0.2719869613647461
0.3399479389190674
0.34676384925842285
0.2625417709350586
0.34101295471191406
0.3862929344177246
0.3439908027648926
0.3331329822540283
0.2810680866241455
0.3895730972290039
0.3449361324310303
0.3358492851257324
0.2598228454589844
0.32767724990844727
0.3185889720916748
0.2835958003997803
0.28000307083129883
0.28107619285583496
0.2819638252258301
0.2873039245605469
0.28956174850463867
0.29137182235717773
0.2727477550506592
0.2742891311645508
0.26811695098876953
0.2735459804534912
0.273223876953125
0.27828001976013184
0.2837412357330322
0.2675609588623047
0.2612137794494629
0.26022815704345703
0.27572202682495117
0.27648210525512695
0.28885817527770996
0.2851450443267822
0.23996305465698242
0.23833870887756348
0.24419188499450684
0.2423110008239746
0.24144387245178223
0.24404692649841309
0.25499916076660156
