0.2844679355621338
0.28724002838134766
0.2953178882598877
0.31963491439819336
0.3277769088745117
0.3527989387512207
0.37969422340393066
0.3928089141845703
0.49955105781555176
0.5041241645812988
0.32875490188598633
0.32524895668029785
0.34014391899108887
0.3333308696746826
0.41287922859191895
0.40227699279785156
0.3936889171600342
0.3965582847595215
0.3002331256866455
0.3221418857574463
0.32140183448791504
0.30143117904663086
0.3781931400299072
0.4048593044281006
0.3590729236602783
0.3616514205932617
0.3054237365722656
0.33663082122802734
0.36109018325805664
0.3612849712371826
0.309751033782959
0.3791069984436035
0.34578824043273926
0.3619349002838135
0.3091421127319336
0.3268551826477051
0.3289783000946045
0.3385941982269287
0.3880460262298584
0.3578660488128662
0.3655879497528076
0.3075580596923828
0.37169623374938965
0.38659095764160156
0.4276719093322754
0.3684561252593994
0.40067005157470703
0.3590738773345947
0.3432629108428955
0.30028295516967773
0.32360291481018066
0.3392677307128906
0.41022229194641113
0.3313717842102051
0.4402318000793457
0.3505871295928955
0.3248920440673828
0.4344489574432373
0.2770349979400635
0.3815751075744629
0.367570161819458
0.40454792976379395
0.3020637035369873
0.34633898735046387
0.3376638889312744
0.44118785858154297
0.4292881488800049
0.3123209476470947
0.29906797409057617
0.3072478771209717
0.3057677745819092
0.30437302589416504
0.30861878395080566
0.4574751853942871
0.2848241329193115
0.2842590808868408
0.4842050075531006
0.2874870300292969
0.28788280487060547
0.29680466651916504
0.29831790924072266
0.44884419441223145
0.27013301849365234
0.45516490936279297
0.2819550037384033
0.28153181076049805
0.2949550151824951
0.35291385650634766
0.39302682876586914
0.23951005935668945
0.2358570098876953
0.251007080078125
0.4189479351043701
0.26273488998413086
0.4524400234222412
0.3044159412384033
0.3355870246887207
0.2765381336212158
0.21675586700439453
0.2412569522857666
