0.2758641242980957
0.277421236038208
0.3118278980255127
0.3203108310699463
0.3206667900085449
0.3233351707458496
0.3593318462371826
0.365462064743042
0.555908203125
0.5625219345092773
0.5820708274841309
0.5839240550994873
0.6072371006011963
0.4819509983062744
0.4947330951690674
0.6658339500427246
0.5213088989257812
0.5866189002990723
0.6175370216369629
0.5656859874725342
0.6687190532684326
0.6452889442443848
0.45383310317993164
0.46643590927124023
0.4613971710205078
0.5085732936859131
0.5069570541381836
0.5655839443206787
0.46386289596557617
0.5551149845123291
0.4829881191253662
0.4573180675506592
0.6145920753479004
0.39902305603027344
0.5751221179962158
0.5231668949127197
0.4985830783843994
0.3714869022369385
0.4509110450744629
0.6122088432312012
0.5853419303894043
0.4981369972229004
0.5045397281646729
0.4291398525238037
0.5112390518188477
0.490509033203125
0.490772008895874
0.4971158504486084
0.5054967403411865
0.513207197189331
0.47066617012023926
0.5087308883666992
0.5187351703643799
0.49193692207336426
0.5068578720092773
0.4750981330871582
0.4736599922180176
0.42670297622680664
0.4642360210418701
0.5807979106903076
0.49065184593200684
0.5026640892028809
0.43671607971191406
0.4920058250427246
0.5359029769897461
0.5022101402282715
0.42565298080444336
0.4437119960784912
0.5442728996276855
0.5173189640045166
0.5136966705322266
0.5296902656555176
0.4581732749938965
0.6637310981750488
0.5924942493438721
0.5357391834259033
0.6544299125671387
0.6189148426055908
0.475156307220459
0.5474040508270264
0.6201837062835693
0.6000230312347412
0.3433680534362793
0.5468168258666992
0.5167100429534912
0.4809701442718506
0.37000489234924316
0.4981670379638672
0.3251779079437256
0.3096499443054199
0.30797910690307617
0.48937511444091797
0.3159518241882324
0.4914400577545166
0.31615519523620605
0.436586856842041
0.4377751350402832
0.43808722496032715
0.438323974609375
0.44042491912841797
