0.17466497421264648
0.1735990047454834
0.16638469696044922
0.1665029525756836
0.16837310791015625
0.1684260368347168
0.1735858917236328
0.17412090301513672
0.16518616676330566
0.16677188873291016
0.16508889198303223
0.16610932350158691
0.16344976425170898
0.16510486602783203
0.1673579216003418
0.16866111755371094
0.16810107231140137
0.16810917854309082
0.1659400463104248
0.16615915298461914
0.1715986728668213
0.17234206199645996
0.16397809982299805
0.1664581298828125
0.16424822807312012
0.16704511642456055
0.17071318626403809
0.17130374908447266
0.16434526443481445
0.1657421588897705
0.16883492469787598
0.16944622993469238
0.17162704467773438
0.17174386978149414
0.16443920135498047
0.16489911079406738
0.1641092300415039
0.16601204872131348
0.17002296447753906
0.1724681854248047
0.16899418830871582
0.16989588737487793
0.16493010520935059
0.16582798957824707
0.16744208335876465
0.16776704788208008
0.17031288146972656
0.17037606239318848
0.16729211807250977
0.16780424118041992
0.16692614555358887
0.16759872436523438
0.16566801071166992
0.16712498664855957
0.1665058135986328
0.16659784317016602
0.17218279838562012
0.172227144241333
0.17406582832336426
0.17418718338012695
0.16809511184692383
0.16953802108764648
0.16976094245910645
0.1703050136566162
0.16279029846191406
0.16353106498718262
0.16825389862060547
0.1701679229736328
0.16463494300842285
0.16701483726501465
0.16603398323059082
0.166273832321167
0.16580677032470703
0.16640710830688477
0.16852402687072754
0.16861295700073242
0.17654109001159668
0.17658090591430664
0.16395020484924316
0.16591691970825195
0.16557073593139648
0.16842031478881836
0.16515517234802246
0.16546297073364258
0.1702280044555664
0.17045187950134277
0.16543984413146973
0.16607427597045898
0.16374802589416504
0.1655900478363037
0.16686797142028809
0.1693730354309082
0.16812801361083984
0.17018866539001465
0.16355490684509277
0.16400671005249023
0.16341400146484375
0.16535186767578125
0.17824697494506836
0.1787121295928955
