0.1946561336517334
0.16240787506103516
0.16036486625671387
0.16281723976135254
0.15880084037780762
0.1642622947692871
0.15956783294677734
0.16061186790466309
0.15978312492370605
0.16266703605651855
0.16454100608825684
0.16065502166748047
0.16302990913391113
0.15944600105285645
0.16063714027404785
0.1592268943786621
0.15992307662963867
0.1613633632659912
0.1598978042602539
0.16402196884155273
0.15983200073242188
0.15978693962097168
0.16538190841674805
0.16065001487731934
0.1592082977294922
0.16089129447937012
0.16270112991333008
0.15907621383666992
0.16199016571044922
0.15864276885986328
0.16414618492126465
0.16190099716186523
0.1597278118133545
0.15962910652160645
0.16329121589660645
0.16353774070739746
0.15980005264282227
0.16322112083435059
0.15938997268676758
0.1593799591064453
0.15932011604309082
0.1607189178466797
0.15993428230285645
0.16398000717163086
0.16051101684570312
0.16085195541381836
0.16617798805236816
0.1594371795654297
0.1625828742980957
0.1605989933013916
0.16054391860961914
0.16397595405578613
0.16246724128723145
0.15910983085632324
0.16166973114013672
0.16294217109680176
0.15956997871398926
0.1659379005432129
0.16589903831481934
0.1587381362915039
0.1629807949066162
0.16062211990356445
0.1621840000152588
0.16122198104858398
0.16177821159362793
0.1643047332763672
0.1600191593170166
0.1634218692779541
0.16736674308776855
0.159470796585083
0.16084599494934082
0.16170883178710938
0.16163110733032227
0.16672301292419434
0.16122198104858398
0.15955805778503418
0.1616830825805664
0.16292786598205566
0.16032886505126953
0.1618659496307373
0.16134095191955566
0.16234397888183594
0.16307973861694336
0.16037988662719727
0.16057705879211426
0.1622312068939209
0.1643829345703125
0.16332006454467773
0.16225194931030273
0.15883374214172363
0.16148877143859863
0.16980981826782227
0.16330480575561523
0.1604318618774414
0.1614370346069336
0.15847492218017578
0.15992188453674316
0.16038107872009277
0.16004085540771484
0.16452622413635254
