0.19341015815734863
0.19115519523620605
0.1960771083831787
0.17100906372070312
0.1711559295654297
0.17308306694030762
0.17869091033935547
0.1816709041595459
0.18215179443359375
0.17676782608032227
0.17740702629089355
0.17777729034423828
0.16802191734313965
0.16830086708068848
0.16840600967407227
0.17879176139831543
0.17911791801452637
0.18158578872680664
0.16898822784423828
0.16926002502441406
0.1719050407409668
0.17078614234924316
0.17316293716430664
0.17643499374389648
0.16830706596374512
0.1687450408935547
0.16970086097717285
0.1691722869873047
0.17008709907531738
0.17125201225280762
0.16791486740112305
0.16824102401733398
0.16897988319396973
0.1695241928100586
0.16980910301208496
0.1702127456665039
0.171065092086792
0.1703958511352539
0.17026996612548828
0.17458820343017578
0.17492198944091797
0.17526888847351074
0.1727447509765625
0.17288875579833984
0.1730959415435791
0.17404890060424805
0.17377495765686035
0.1736469268798828
0.1734941005706787
0.17486166954040527
0.17680692672729492
0.1681680679321289
0.20877790451049805
0.20754098892211914
0.16981816291809082
0.17018604278564453
0.17340898513793945
0.17380213737487793
0.17502307891845703
0.17487716674804688
0.17334604263305664
0.17641210556030273
0.17746996879577637
0.1667613983154297
0.1670527458190918
0.17105674743652344
0.17475199699401855
0.17507290840148926
0.17670416831970215
0.16820597648620605
0.16720104217529297
0.16845488548278809
0.1723949909210205
0.1728529930114746
0.17284488677978516
0.17992496490478516
0.17912793159484863
0.18009710311889648
0.17594599723815918
0.17710399627685547
0.17709612846374512
0.17141985893249512
0.17167115211486816
0.17508316040039062
0.16991114616394043
0.1730349063873291
0.17630815505981445
0.1664118766784668
0.16672325134277344
0.1700742244720459
0.17370915412902832
0.17774486541748047
0.17764616012573242
0.1698760986328125
0.16904592514038086
0.16910004615783691
0.18536996841430664
0.18572688102722168
0.18590688705444336
0.16111302375793457
