0.3255271911621094
0.33953309059143066
0.3359198570251465
0.3434121608734131
0.3506162166595459
0.3546411991119385
0.4282717704772949
0.430372953414917
0.27964115142822266
0.27950501441955566
0.26497316360473633
0.30662083625793457
0.3142688274383545
0.2984797954559326
0.32624006271362305
0.320389986038208
0.28347015380859375
0.29274916648864746
0.2610151767730713
0.2600579261779785
0.36949682235717773
0.40149831771850586
0.2977621555328369
0.2847001552581787
0.2795891761779785
0.2825472354888916
0.40033411979675293
0.3713538646697998
0.2670629024505615
0.34638500213623047
0.30603790283203125
0.29896020889282227
0.2977290153503418
0.34749889373779297
0.3198080062866211
0.3239929676055908
0.3179619312286377
0.24260401725769043
0.3431999683380127
0.3330209255218506
0.3165719509124756
0.37798619270324707
0.27802205085754395
0.3254868984222412
0.27718400955200195
0.2687690258026123
0.26743316650390625
0.34782886505126953
0.3619420528411865
0.29752588272094727
0.26227784156799316
0.3249380588531494
0.3026871681213379
0.26894688606262207
0.3314340114593506
0.258425235748291
0.2651069164276123
0.31121206283569336
0.3080320358276367
0.34819579124450684
0.34308791160583496
0.32262301445007324
0.2870810031890869
0.31795501708984375
0.4399607181549072
0.3548707962036133
0.42650485038757324
0.29135799407958984
0.3418869972229004
0.3263061046600342
0.3632192611694336
0.3263051509857178
0.29926490783691406
0.3090629577636719
0.3006107807159424
0.311690092086792
0.31221675872802734
0.32396411895751953
0.2950439453125
0.4523131847381592
0.3641660213470459
0.3091869354248047
0.3214128017425537
0.31908702850341797
0.27131175994873047
0.3980863094329834
0.28070926666259766
0.276932954788208
0.27971625328063965
0.28028011322021484
0.2806718349456787
0.2805337905883789
0.29391002655029297
0.24959897994995117
0.24811816215515137
0.2668149471282959
0.25104308128356934
0.2587242126464844
0.26402783393859863
0.2560102939605713
