0.23111200332641602
0.22985291481018066
0.23499608039855957
0.23410487174987793
0.23715806007385254
0.18195796012878418
0.1907658576965332
0.18668413162231445
0.19485688209533691
0.1919877529144287
0.18699407577514648
0.18959903717041016
0.19368410110473633
0.1961658000946045
0.19591808319091797
0.19530606269836426
0.19518613815307617
0.19597697257995605
0.19668793678283691
0.19944071769714355
0.1905198097229004
0.19525885581970215
0.19495606422424316
0.19542217254638672
0.20305514335632324
0.21593594551086426
0.21594715118408203
0.22109317779541016
0.22116899490356445
0.21138787269592285
0.20738005638122559
0.20691609382629395
0.2096118927001953
0.21361088752746582
0.2157280445098877
0.19837689399719238
0.19840598106384277
0.2095170021057129
0.20592427253723145
0.20339202880859375
0.19633173942565918
0.1967160701751709
0.20221424102783203
0.2064650058746338
0.19919514656066895
0.2235419750213623
0.22391200065612793
0.2284870147705078
0.2256181240081787
0.22441530227661133
0.20837187767028809
0.2301771640777588
0.2273859977722168
0.22674083709716797
0.23111200332641602
0.1855149269104004
0.1858971118927002
0.185075044631958
0.18709683418273926
0.2000577449798584
0.1962430477142334
0.1967151165008545
0.2145838737487793
0.24895977973937988
0.25023794174194336
0.22803401947021484
0.23274970054626465
0.22687888145446777
0.22298383712768555
0.22313904762268066
0.24434518814086914
0.24292206764221191
0.23975610733032227
0.23037505149841309
0.23001694679260254
0.2374589443206787
0.23692798614501953
0.22356200218200684
0.20589303970336914
0.21122193336486816
0.2391490936279297
0.23903107643127441
0.24532771110534668
0.26273608207702637
0.2783370018005371
0.23904204368591309
0.23946619033813477
0.25042104721069336
0.24464082717895508
0.24450421333312988
0.22612786293029785
0.2280290126800537
0.24186301231384277
0.2288811206817627
0.22368931770324707
0.23279833793640137
0.22841525077819824
0.2085247039794922
0.20870208740234375
0.20788097381591797
