0.3044159412384033
0.30501699447631836
0.31311893463134766
0.31131410598754883
0.3159139156341553
0.3150451183319092
0.32591986656188965
0.39168214797973633
0.46746397018432617
0.47133612632751465
0.47878479957580566
0.4858992099761963
0.4894700050354004
0.5121090412139893
0.5982580184936523
0.6179683208465576
0.427459716796875
0.4530797004699707
0.4521651268005371
0.4450559616088867
0.5677082538604736
0.5455119609832764
0.5431280136108398
0.42618775367736816
0.5217888355255127
0.4564402103424072
0.5586328506469727
0.5528690814971924
0.5481500625610352
0.4731929302215576
0.5696709156036377
0.46381282806396484
0.4483201503753662
0.5255961418151855
0.5591931343078613
0.5774269104003906
0.4299049377441406
0.44579100608825684
0.4561188220977783
0.4715230464935303
0.5733790397644043
0.4523649215698242
0.5607409477233887
0.479205846786499
0.4974651336669922
0.41055798530578613
0.4711267948150635
0.45987987518310547
0.4289250373840332
0.42539501190185547
0.4859449863433838
0.45937299728393555
0.4304659366607666
0.5058491230010986
0.6285407543182373
0.5161416530609131
0.4971199035644531
0.5281398296356201
0.5091028213500977
0.5063731670379639
0.5063810348510742
0.4890718460083008
0.5100500583648682
0.4926421642303467
0.5042879581451416
0.5076882839202881
0.5074481964111328
0.5816662311553955
0.5396389961242676
0.5365979671478271
0.5365350246429443
0.4806060791015625
0.48258304595947266
0.48518991470336914
0.4859168529510498
0.48799586296081543
0.4977889060974121
0.5145330429077148
0.5054688453674316
0.46333861351013184
0.4545857906341553
0.488908052444458
0.48092222213745117
0.4867699146270752
0.49629998207092285
0.4836001396179199
0.5926730632781982
0.4515237808227539
0.45864415168762207
0.4691588878631592
0.45892786979675293
0.4636409282684326
0.4927361011505127
0.5526058673858643
0.5724360942840576
0.4253671169281006
0.40508008003234863
0.4110100269317627
0.42127108573913574
0.4282221794128418
