1.216254711151123
1.2419724464416504
1.2480278015136719
1.247436285018921
1.2515454292297363
1.2482936382293701
1.2472152709960938
1.2491676807403564
2.3531436920166016
2.393559455871582
2.3938374519348145
2.397606611251831
2.405287504196167
2.405817985534668
1.3830726146697998
1.3413145542144775
1.867584228515625
2.231041431427002
2.2335007190704346
2.234096050262451
2.253201723098755
2.2691214084625244
1.1525554656982422
1.2892003059387207
1.7203562259674072
2.097219944000244
2.1138181686401367
2.114711046218872
2.133450746536255
2.1402978897094727
1.7144670486450195
1.4207875728607178
1.9876341819763184
2.4513938426971436
2.3904480934143066
2.4269115924835205
2.368952751159668
1.4883310794830322
1.9367725849151611
2.5883593559265137
1.9722702503204346
2.3289644718170166
2.230093240737915
2.316585063934326
2.309837579727173
2.206451892852783
1.208909273147583
1.6860430240631104
1.6405131816864014
2.0327229499816895
2.0262060165405273
1.980501413345337
1.9382305145263672
1.9450340270996094
1.217665195465088
1.5923354625701904
1.6169788837432861
2.1134676933288574
2.11685848236084
2.0783190727233887
2.031378746032715
2.123427152633667
1.4045755863189697
1.812079906463623
1.8773682117462158
2.3438549041748047
2.2910494804382324
2.350414752960205
2.2336387634277344
2.2426884174346924
1.948349952697754
1.4537208080291748
1.9755775928497314
2.466357946395874
2.264770984649658
2.4747257232666016
2.3897550106048584
2.2838571071624756
1.8483805656433105
1.412065029144287
1.99900484085083
2.3868608474731445
2.408109426498413
2.440847396850586
2.364251136779785
2.3966546058654785
1.900731086730957
1.4165513515472412
1.9124712944030762
2.225471258163452
2.222498655319214
2.2603583335876465
2.26249361038208
2.2723336219787598
1.281975269317627
1.7167792320251465
1.5685575008392334
1.5996599197387695
1.6469252109527588
1.5723469257354736
