0.7463803291320801
0.7574896812438965
0.768702507019043
0.7651729583740234
0.7990093231201172
0.7958481311798096
0.7936546802520752
0.7841346263885498
0.6513526439666748
0.6640632152557373
0.6492342948913574
0.6596851348876953
0.6552276611328125
0.6710176467895508
0.6820478439331055
0.6808559894561768
0.5182027816772461
0.5948121547698975
0.5945193767547607
0.5957331657409668
0.5905895233154297
0.580446720123291
0.5804643630981445
0.5779170989990234
0.5748720169067383
0.5884525775909424
0.5873432159423828
0.5862319469451904
0.6275796890258789
0.6944499015808105
0.7012999057769775
0.7124207019805908
0.6765215396881104
0.669316291809082
0.6626145839691162
0.6670210361480713
0.6339633464813232
0.679340124130249
0.683936595916748
0.6796588897705078
0.6588699817657471
0.5891177654266357
0.584284782409668
0.5739178657531738
0.5877444744110107
0.5989747047424316
0.594057559967041
0.5811772346496582
0.5180027484893799
0.6195437908172607
0.6511974334716797
0.6653602123260498
0.7283294200897217
0.7173988819122314
0.7116875648498535
0.7173244953155518
0.6971540451049805
0.633425235748291
0.6242730617523193
0.6178257465362549
0.6905155181884766
0.6627683639526367
0.6522190570831299
0.637584924697876
0.7249023914337158
0.7201948165893555
0.7253913879394531
0.7431640625
0.5573558807373047
0.5769054889678955
0.5883808135986328
0.6033802032470703
0.7273373603820801
0.708122730255127
0.7017488479614258
0.7006340026855469
0.654630184173584
0.677208423614502
0.6654727458953857
0.6944537162780762
0.5711836814880371
0.5922858715057373
0.668790340423584
0.681084394454956
0.696915864944458
0.6575188636779785
0.6058189868927002
0.6069941520690918
0.6190609931945801
0.6980910301208496
0.7019238471984863
0.6965501308441162
0.6561064720153809
0.5904145240783691
0.5853362083435059
0.5895786285400391
0.5969598293304443
0.5330443382263184
0.5134313106536865
0.5026752948760986
