1.2275819778442383
1.2373802661895752
1.2417728900909424
1.2364041805267334
1.2624971866607666
1.2671630382537842
1.258833408355713
1.2571372985839844
2.0189528465270996
2.1356091499328613
2.1770951747894287
1.0946788787841797
1.1326701641082764
2.218350887298584
1.108267068862915
1.1006174087524414
1.8228440284729004
1.9877541065216064
2.0183353424072266
1.3113365173339844
2.0583033561706543
1.201413869857788
1.2556803226470947
1.2073750495910645
2.0877630710601807
2.1748645305633545
2.1904971599578857
1.4664931297302246
1.272148609161377
1.3072657585144043
2.2340948581695557
1.2588939666748047
2.082542896270752
2.1332414150238037
2.208547592163086
2.2217283248901367
1.3504784107208252
1.2540090084075928
1.2206816673278809
1.2258327007293701
1.8903825283050537
1.9953632354736328
2.074997901916504
1.3040504455566406
2.1289801597595215
1.1185894012451172
1.2358977794647217
1.1702492237091064
1.8385846614837646
1.9637091159820557
2.0068140029907227
2.0344605445861816
1.3912298679351807
1.2551488876342773
1.2871575355529785
1.3760268688201904
1.8357808589935303
1.9193849563598633
1.956331729888916
1.9471943378448486
1.3348925113677979
1.2824451923370361
1.2396094799041748
1.2569270133972168
1.8202717304229736
1.8230793476104736
1.8610451221466064
1.8652055263519287
1.3426334857940674
1.2899348735809326
1.2257933616638184
1.2462151050567627
1.8011891841888428
1.8372714519500732
1.8859686851501465
1.8568646907806396
1.3345718383789062
1.2963767051696777
1.2620577812194824
1.270573377609253
1.9245073795318604
1.9731438159942627
1.9787509441375732
1.9715263843536377
1.4661579132080078
1.340437889099121
1.346522569656372
1.3733465671539307
2.000828981399536
2.0541133880615234
2.052684783935547
2.034026622772217
1.4717273712158203
1.3417930603027344
1.3374364376068115
1.3337185382843018
1.5394129753112793
1.5646748542785645
1.5400128364562988
1.5309717655181885
