1.1360282897949219
1.1406450271606445
1.1582214832305908
1.1561758518218994
1.1420011520385742
1.1721827983856201
1.160782814025879
1.1984951496124268
2.101846694946289
2.1271655559539795
2.1537704467773438
2.1606550216674805
2.19393253326416
2.2052836418151855
2.2257168292999268
2.232012987136841
2.117863655090332
2.117812395095825
2.156482219696045
2.1726319789886475
2.1688392162323
2.2172255516052246
2.2312941551208496
2.2412569522857666
2.3179571628570557
2.3012213706970215
2.2909140586853027
2.331594467163086
2.335686445236206
2.343536376953125
2.347024917602539
2.3681843280792236
2.6575920581817627
2.654740810394287
2.5624117851257324
2.6138627529144287
2.5902974605560303
2.4993631839752197
2.5329818725585938
2.524336576461792
2.585437536239624
2.576617956161499
2.556331157684326
2.5551881790161133
2.58196759223938
2.5182056427001953
2.553243637084961
2.599483013153076
2.4144034385681152
2.4346821308135986
2.4244472980499268
2.3940000534057617
2.4267423152923584
2.386107921600342
2.3855783939361572
2.4052767753601074
2.3415884971618652
2.347618579864502
2.3612172603607178
2.254337787628174
2.3728392124176025
2.2768654823303223
2.2565510272979736
2.259337902069092
2.1982195377349854
2.2219595909118652
2.2475807666778564
2.238595724105835
2.283787488937378
2.247559070587158
2.2695398330688477
2.254572629928589
2.0779056549072266
2.1022489070892334
2.1160805225372314
2.120610475540161
2.1148200035095215
2.1114907264709473
2.1128673553466797
2.13875675201416
2.0432684421539307
2.005356550216675
1.9694218635559082
2.013566017150879
1.9995899200439453
1.9890716075897217
2.02795147895813
2.036722183227539
2.047895908355713
2.012178659439087
2.0448367595672607
2.0190532207489014
2.0197203159332275
2.0106282234191895
1.9903748035430908
2.0093469619750977
1.610055685043335
1.5748558044433594
1.5534093379974365
1.5482492446899414
