0.5978705883026123
0.6162807941436768
0.6261773109436035
0.5030560493469238
0.5165636539459229
0.5263247489929199
0.4337799549102783
0.46747446060180664
0.48230814933776855
0.4524970054626465
0.4613003730773926
0.47006773948669434
0.46698856353759766
0.47139406204223633
0.46653199195861816
0.4692232608795166
0.4549126625061035
0.4664158821105957
0.4684481620788574
0.4586045742034912
0.47162294387817383
0.4886484146118164
0.5483636856079102
0.6019468307495117
0.7018656730651855
0.6568603515625
0.5955836772918701
0.518362283706665
0.5584676265716553
0.5585904121398926
0.502338171005249
0.4720494747161865
0.47066807746887207
0.46367835998535156
0.4580085277557373
0.45582056045532227
0.47612500190734863
0.4756317138671875
0.463137149810791
0.47844505310058594
0.44304585456848145
0.44542503356933594
0.49541258811950684
0.5040616989135742
0.563633918762207
0.5968985557556152
0.5634183883666992
0.5067238807678223
0.5576474666595459
0.5711684226989746
0.5527119636535645
0.47092533111572266
0.4643838405609131
0.4590787887573242
0.4993891716003418
0.5382425785064697
0.5717475414276123
0.6005070209503174
0.5690102577209473
0.5247547626495361
0.4632580280303955
0.46505022048950195
0.48926544189453125
0.5932462215423584
0.5761034488677979
0.5584092140197754
0.5922708511352539
0.5783395767211914
0.6152479648590088
0.46436643600463867
0.45680975914001465
0.46193408966064453
0.4691898822784424
0.46265625953674316
0.44765472412109375
0.47846126556396484
0.4731464385986328
0.46333813667297363
0.4921097755432129
0.49564480781555176
0.49192094802856445
0.5116157531738281
0.5157046318054199
0.5076100826263428
0.5063211917877197
0.5378832817077637
0.549269437789917
0.600264310836792
0.6090450286865234
0.6021015644073486
0.4373610019683838
0.46622705459594727
0.4794449806213379
0.44623327255249023
0.46788763999938965
0.46082520484924316
0.46532273292541504
0.45516467094421387
0.46064019203186035
0.30492329597473145
