1.3754899501800537
1.4094393253326416
1.4175386428833008
1.453338861465454
1.4116919040679932
1.4463787078857422
1.4428553581237793
1.4305179119110107
2.1788487434387207
2.1835646629333496
2.228001594543457
2.4308574199676514
2.445023536682129
1.3114314079284668
1.2837309837341309
1.2938451766967773
2.1073784828186035
2.1678147315979004
2.150012731552124
2.2179932594299316
2.223153829574585
1.567216157913208
1.5668003559112549
1.541930913925171
2.2126030921936035
2.2368102073669434
2.2310526371002197
2.3324294090270996
2.3171470165252686
1.4219224452972412
1.4574384689331055
1.4063990116119385
2.3125317096710205
2.3247787952423096
2.372067451477051
2.5631980895996094
2.559802532196045
1.6695430278778076
1.7120027542114258
1.67559814453125
2.3256137371063232
2.3151702880859375
2.3046798706054688
2.407757043838501
2.4202752113342285
1.324803352355957
1.4519431591033936
1.4350049495697021
2.011857509613037
2.047802686691284
2.0225980281829834
2.0717546939849854
1.3286206722259521
2.109243631362915
1.3620707988739014
1.4147627353668213
2.020357370376587
1.9992976188659668
2.0136120319366455
2.0804061889648438
2.085963010787964
1.221937656402588
1.243558406829834
1.260298728942871
1.9079303741455078
1.9557716846466064
1.9417142868041992
1.9461379051208496
1.9760096073150635
1.2236413955688477
1.2398149967193604
1.2583177089691162
2.341352939605713
2.3668832778930664
2.3602139949798584
2.383574962615967
2.402850866317749
1.6667039394378662
1.664414882659912
1.6968622207641602
2.3265163898468018
2.287592887878418
2.2629477977752686
2.2979366779327393
2.371790647506714
1.310227632522583
1.3315012454986572
1.3239848613739014
2.032501459121704
2.0044379234313965
1.9747097492218018
2.038174629211426
2.153639554977417
1.6214828491210938
1.6170332431793213
1.639460563659668
1.9901833534240723
1.924931287765503
1.824474811553955
1.7931692600250244
