1.22314453125
1.2118122577667236
1.2265825271606445
1.229018211364746
1.2416942119598389
1.207564353942871
1.2282474040985107
0.7887551784515381
0.9707412719726562
0.9702804088592529
0.9552373886108398
0.9610986709594727
0.9703414440155029
0.9803736209869385
0.9804942607879639
1.0261726379394531
1.0440430641174316
1.0870954990386963
1.0687880516052246
1.0574557781219482
1.0792005062103271
1.179030418395996
1.0443789958953857
1.089479684829712
1.0755228996276855
1.0759861469268799
1.0846216678619385
1.0626435279846191
1.0345737934112549
1.0719239711761475
1.1203405857086182
1.1230506896972656
1.130958080291748
1.1300687789916992
1.1667697429656982
1.2706332206726074
1.2149410247802734
1.1973426342010498
1.1954138278961182
1.168440818786621
1.1933493614196777
1.1435511112213135
0.9730026721954346
0.9505245685577393
0.9384636878967285
0.96040940284729
0.9553446769714355
0.9303786754608154
0.9543335437774658
0.959545373916626
0.9346802234649658
0.95332932472229
0.9604699611663818
0.9782743453979492
0.9862830638885498
0.9850053787231445
1.0809268951416016
1.1331369876861572
1.1535661220550537
1.1690852642059326
1.0827229022979736
1.072441816329956
1.0591566562652588
0.3915584087371826
0.9406750202178955
1.000519037246704
0.9996273517608643
1.0239942073822021
0.9955830574035645
1.0202860832214355
1.0205655097961426
1.3137497901916504
1.2710909843444824
1.3023951053619385
1.2601234912872314
1.258375644683838
1.2715721130371094
1.295116901397705
0.9198119640350342
0.9235184192657471
0.9345448017120361
0.9444048404693604
0.9732670783996582
0.9605221748352051
0.9789166450500488
0.8903539180755615
0.9335448741912842
0.8814680576324463
1.019118070602417
0.9373769760131836
0.9366614818572998
0.9433505535125732
1.0309169292449951
1.0258731842041016
1.022303819656372
1.0189781188964844
0.980600118637085
0.9611973762512207
0.9782459735870361
0.30126380920410156
