1.1963417530059814
1.2068884372711182
1.242541790008545
1.2364671230316162
1.2290959358215332
1.2401301860809326
1.2263922691345215
1.235827922821045
2.2837226390838623
2.325467109680176
1.2814502716064453
2.367948055267334
1.3049135208129883
1.2805614471435547
1.2588045597076416
1.2531914710998535
2.032740354537964
2.0748279094696045
2.140188694000244
1.3798792362213135
1.347536325454712
1.3212394714355469
1.367154836654663
1.3067786693572998
1.9218640327453613
1.9438905715942383
1.9694147109985352
1.4062058925628662
1.3852262496948242
1.3466145992279053
1.1738595962524414
1.1574349403381348
1.9359941482543945
1.9646461009979248
1.963568925857544
1.497736930847168
1.433079481124878
1.469592571258545
1.3520381450653076
1.388277530670166
1.9405584335327148
1.9486002922058105
1.9688050746917725
1.4045524597167969
1.3585765361785889
1.4135136604309082
1.2901391983032227
1.3266394138336182
1.8563058376312256
1.8128409385681152
1.8294103145599365
1.3375685214996338
1.4164772033691406
1.372349500656128
1.2425422668457031
1.3028600215911865
1.7542076110839844
1.856323003768921
1.8210020065307617
1.3497371673583984
1.3942182064056396
1.4461746215820312
1.3061201572418213
1.3067247867584229
2.0590531826019287
1.9546704292297363
1.9923315048217773
1.5444927215576172
1.5504865646362305
1.6523396968841553
1.4951038360595703
1.4952971935272217
1.949812889099121
1.899674415588379
1.917170763015747
1.3384432792663574
1.3772151470184326
1.4224152565002441
1.2122247219085693
1.2117342948913574
1.745300531387329
1.7292168140411377
1.760241985321045
1.4407737255096436
1.4823784828186035
1.3082177639007568
1.5544490814208984
1.2790412902832031
1.745413064956665
1.7419037818908691
1.7707185745239258
1.447965145111084
1.486607551574707
1.2888600826263428
1.5445849895477295
1.251267433166504
1.5203156471252441
1.5046865940093994
1.5046803951263428
1.0211920738220215
