1.1240119934082031
1.1197175979614258
1.1431705951690674
1.1453790664672852
1.160170316696167
1.146357774734497
1.159813404083252
1.1827633380889893
1.9475460052490234
1.9606995582580566
2.098393440246582
2.102999210357666
2.113913059234619
1.1627843379974365
2.1423842906951904
2.1482150554656982
1.944610834121704
1.9092299938201904
2.1519384384155273
2.2291784286499023
2.2664284706115723
2.3065078258514404
1.542060136795044
2.3320984840393066
2.21842622756958
2.1034369468688965
2.3731632232666016
2.377110242843628
2.415602922439575
2.417933225631714
2.42594575881958
1.6925501823425293
2.371443748474121
2.1237995624542236
2.1900010108947754
2.2578659057617188
2.244913101196289
2.254742383956909
2.290008544921875
1.6497814655303955
2.320594072341919
2.07507061958313
2.254674196243286
2.2135910987854004
2.266690731048584
2.2985541820526123
2.272716999053955
1.649677038192749
2.3525731563568115
2.1950109004974365
2.2947938442230225
2.2408440113067627
2.344562292098999
2.331871509552002
2.305774688720703
1.6236214637756348
2.4194977283477783
2.256786346435547
2.3101799488067627
2.195068836212158
2.276468276977539
2.226262331008911
2.2984230518341064
1.5220165252685547
2.3189404010772705
2.2019529342651367
2.2551493644714355
1.142256259918213
2.1450881958007812
2.281553030014038
2.2786271572113037
2.267564058303833
1.4471604824066162
2.010835647583008
2.112576484680176
1.9600985050201416
1.9482760429382324
2.146735668182373
2.1521682739257812
1.3663711547851562
1.380359411239624
2.007755994796753
2.0265910625457764
2.1029298305511475
1.9352869987487793
2.1187191009521484
2.1135413646698
2.127826690673828
1.5052340030670166
2.137878656387329
2.1130268573760986
2.1603446006774902
1.9642815589904785
2.1802144050598145
2.1811723709106445
2.1914761066436768
1.4990577697753906
1.7509429454803467
1.67582106590271
1.6728315353393555
