1.2547142505645752
1.2606356143951416
1.2651569843292236
1.2657802104949951
1.2749323844909668
1.2697656154632568
1.265336036682129
1.2598075866699219
2.154940366744995
1.191028356552124
1.2237539291381836
1.2233448028564453
1.217087984085083
1.233699083328247
1.2427303791046143
1.2409462928771973
2.1306583881378174
1.4070982933044434
1.33449125289917
1.3072972297668457
1.2713730335235596
1.3286106586456299
1.319610834121704
1.2975499629974365
2.119964838027954
1.4659106731414795
1.3272676467895508
1.4041028022766113
1.30983567237854
1.2756433486938477
1.3319191932678223
1.343196153640747
2.2572484016418457
1.5993409156799316
1.4278063774108887
1.408167839050293
1.395411729812622
1.4214909076690674
1.417564868927002
1.431288242340088
2.285342216491699
1.600069284439087
1.4177916049957275
1.4639103412628174
1.383336067199707
1.3894855976104736
1.4185149669647217
1.4425287246704102
2.172604560852051
1.1791903972625732
1.174985647201538
1.457465410232544
1.165937900543213
1.2490787506103516
1.2098464965820312
1.197455644607544
1.9350285530090332
1.31463623046875
1.206538200378418
1.2295253276824951
1.2252471446990967
1.245008945465088
1.2466225624084473
1.2964789867401123
2.0465779304504395
1.2956435680389404
1.471156120300293
1.2514054775238037
1.3579082489013672
1.316063642501831
1.3536396026611328
1.6118202209472656
2.1198956966400146
1.4435994625091553
1.2438671588897705
1.2557640075683594
1.189199686050415
1.2319920063018799
1.2336220741271973
1.310276985168457
1.2718915939331055
1.8720762729644775
1.1609258651733398
1.1733546257019043
1.1937382221221924
1.2030978202819824
1.220801830291748
1.2879819869995117
1.893052339553833
1.136500597000122
1.1558501720428467
1.1728029251098633
1.1678745746612549
1.1835734844207764
1.2024946212768555
1.248378038406372
0.6786143779754639
1.4677200317382812
0.6873676776885986
0.6554422378540039
