1.1287496089935303
1.1379165649414062
1.1532728672027588
1.1745212078094482
1.1609587669372559
1.1749882698059082
0.927483320236206
0.961228609085083
0.9162509441375732
0.9535212516784668
0.9888145923614502
0.9226257801055908
0.9768531322479248
0.9797084331512451
0.9816086292266846
0.9769384860992432
1.0025649070739746
0.9988372325897217
0.8609797954559326
0.8762962818145752
0.8922388553619385
0.9014267921447754
0.9278721809387207
0.912879467010498
0.9308276176452637
0.896636962890625
0.9454412460327148
0.9350020885467529
0.9714741706848145
0.9790246486663818
0.9656744003295898
1.0123167037963867
1.0007030963897705
1.000385046005249
1.013810396194458
1.014960527420044
1.1294245719909668
1.1230902671813965
1.084204912185669
1.078352689743042
1.0423955917358398
1.0613126754760742
1.0058698654174805
1.0057580471038818
0.9619448184967041
0.9937765598297119
0.9377615451812744
0.9386351108551025
0.9188079833984375
0.9918267726898193
0.9412028789520264
0.954704999923706
0.9226527214050293
0.96016526222229
0.8906722068786621
0.9144153594970703
0.9197983741760254
0.9037449359893799
0.9163010120391846
0.8944470882415771
0.8336391448974609
0.8324732780456543
0.8285508155822754
0.8435759544372559
0.8449397087097168
0.8098061084747314
0.8990533351898193
0.9364526271820068
0.9795091152191162
0.9801301956176758
1.0064709186553955
1.024301290512085
0.8633577823638916
0.896702766418457
0.8309690952301025
0.8408105373382568
0.841111421585083
0.8203680515289307
1.0412161350250244
1.0430612564086914
1.0260298252105713
1.0482072830200195
1.075636625289917
1.0597681999206543
1.0203940868377686
1.026702642440796
1.0181095600128174
1.0250329971313477
1.0125198364257812
1.014033317565918
0.8350114822387695
0.8251464366912842
0.8493175506591797
0.8437216281890869
0.8536357879638672
0.8805158138275146
0.7698893547058105
0.7657215595245361
0.7003211975097656
0.7190184593200684
