0.807183027267456
0.8132603168487549
0.8082563877105713
0.8287363052368164
0.8249967098236084
0.7471928596496582
0.7543175220489502
0.7509214878082275
0.762465238571167
0.7546184062957764
0.7405307292938232
0.7426168918609619
0.7841935157775879
0.7577905654907227
0.751882791519165
0.7238945960998535
0.8005716800689697
0.8123655319213867
0.790543794631958
0.7897381782531738
0.7052860260009766
0.6910085678100586
0.6980748176574707
0.7235639095306396
0.729222297668457
0.8253018856048584
0.82366943359375
0.819953441619873
0.830888032913208
0.8238797187805176
0.7119126319885254
0.7025845050811768
0.6957013607025146
0.7418606281280518
0.748781681060791
0.817934513092041
0.8085570335388184
0.800703763961792
0.7478628158569336
0.7613253593444824
0.7172622680664062
0.7983734607696533
0.8397715091705322
0.8555176258087158
0.8835155963897705
0.8099346160888672
0.7301545143127441
0.7280135154724121
0.7175858020782471
0.744826078414917
0.7090606689453125
0.7834303379058838
0.7755818367004395
0.8011054992675781
0.8395595550537109
0.8029005527496338
0.7256457805633545
0.7236862182617188
0.7284824848175049
0.7716796398162842
0.8070242404937744
0.8097286224365234
0.838869571685791
0.8730142116546631
0.8413281440734863
0.9747881889343262
0.9836392402648926
0.9810042381286621
0.908855676651001
0.9058880805969238
0.839796781539917
0.8215329647064209
0.8453140258789062
0.8150143623352051
0.8431065082550049
0.8239359855651855
0.8519458770751953
0.8465511798858643
0.8591756820678711
0.8607337474822998
0.8184421062469482
0.7893152236938477
0.7718303203582764
0.7342784404754639
0.708608865737915
0.6933732032775879
0.7099928855895996
0.7109925746917725
0.7143435478210449
0.7213253974914551
0.7256407737731934
0.7096335887908936
0.7014780044555664
0.7094326019287109
0.6837759017944336
0.7298743724822998
0.7860016822814941
0.7881002426147461
0.7744095325469971
0.7025787830352783
