1.2153851985931396
1.2172601222991943
1.2361040115356445
1.2472326755523682
1.2423694133758545
1.2240102291107178
1.2461471557617188
1.244396448135376
2.150204658508301
2.2311928272247314
1.180816411972046
1.1342754364013672
1.1621387004852295
1.2032134532928467
1.154937505722046
1.1669895648956299
2.0870187282562256
1.3085224628448486
2.2283036708831787
1.2826213836669922
1.297842025756836
1.2810003757476807
1.315453052520752
1.3206300735473633
2.1257410049438477
2.236917495727539
1.3325116634368896
1.2262167930603027
1.2186088562011719
1.2053229808807373
1.251828670501709
1.2488999366760254
2.1300272941589355
2.196352005004883
1.3956217765808105
1.2908384799957275
1.3147656917572021
1.314063310623169
1.3042032718658447
1.275141716003418
2.0219473838806152
2.0984151363372803
1.2151777744293213
1.1139898300170898
1.096937894821167
1.085435152053833
1.0793232917785645
1.0773646831512451
1.832148551940918
1.958367109298706
1.092923879623413
1.22774338722229
1.08030104637146
1.164036750793457
1.1419637203216553
1.1360359191894531
1.9306528568267822
2.053184747695923
1.3365516662597656
1.2026023864746094
1.215937614440918
1.2277333736419678
1.2232387065887451
1.2222168445587158
2.1088407039642334
2.2805609703063965
1.4940283298492432
1.391110897064209
1.375420331954956
1.385127067565918
1.361647129058838
1.352116584777832
2.019274950027466
2.1454849243164062
1.295233964920044
1.1624479293823242
1.187218189239502
1.1355750560760498
1.1857869625091553
1.1997425556182861
1.9991512298583984
2.187938690185547
1.5601437091827393
1.4654614925384521
1.4710688591003418
1.3834254741668701
1.4739534854888916
1.4057998657226562
2.104369878768921
2.1511447429656982
1.3529243469238281
1.2088112831115723
1.1903541088104248
1.1596601009368896
1.1483564376831055
1.1677837371826172
1.5573766231536865
1.5863192081451416
0.8846077919006348
0.7846887111663818
