0.33752989768981934
0.2926669120788574
0.30053257942199707
0.27179574966430664
0.2999405860900879
0.25915956497192383
0.3298320770263672
0.32311153411865234
0.25887060165405273
0.2948148250579834
0.25048351287841797
0.2806711196899414
0.285599946975708
0.2703282833099365
0.30780768394470215
0.3287312984466553
0.25241518020629883
0.2693479061126709
0.3419322967529297
0.3133234977722168
0.25250792503356934
0.2902207374572754
0.29608607292175293
0.31635355949401855
0.25015735626220703
0.27725648880004883
0.30019283294677734
0.3123478889465332
0.24118995666503906
0.2610747814178467
0.2812538146972656
0.29432106018066406
0.3095839023590088
0.25354909896850586
0.26212167739868164
0.2712829113006592
0.2997400760650635
0.30405306816101074
0.2469630241394043
0.27162981033325195
0.2906811237335205
0.3223903179168701
0.2803041934967041
0.3038477897644043
0.24918365478515625
0.27014899253845215
0.33948373794555664
0.3025035858154297
0.24846839904785156
0.26323413848876953
0.2688882350921631
0.30428600311279297
0.2930643558502197
0.2447350025177002
0.26751112937927246
0.27764034271240234
0.2548975944519043
0.27199792861938477
0.2922511100769043
0.31168031692504883
0.32523226737976074
0.33043503761291504
0.2966480255126953
0.253406286239624
0.26389241218566895
0.2776646614074707
0.2521841526031494
0.2698674201965332
0.29216933250427246
0.27445030212402344
0.3119382858276367
0.3224639892578125
0.24863743782043457
0.2734339237213135
0.32141923904418945
0.31053996086120605
0.24974489212036133
0.25927019119262695
0.2864551544189453
0.26571011543273926
0.3039236068725586
0.24518609046936035
0.2606632709503174
0.284865140914917
0.24270057678222656
0.26200294494628906
0.2824220657348633
0.24366188049316406
0.3276083469390869
0.33090806007385254
0.31021690368652344
0.26454710960388184
0.2711782455444336
0.25124621391296387
0.30782604217529297
0.3135690689086914
0.300997257232666
0.29917049407958984
0.3093757629394531
0.3086822032928467
