1.3429853916168213
1.360020399093628
1.364565372467041
1.3811516761779785
1.3672208786010742
1.3950867652893066
1.3669650554656982
1.393378734588623
0.8970298767089844
1.0613598823547363
1.088827133178711
1.078418254852295
1.0717742443084717
1.086592197418213
1.0771474838256836
1.1840436458587646
1.173368215560913
1.1758127212524414
1.1821730136871338
1.1618847846984863
1.1487786769866943
1.2022876739501953
1.1841380596160889
1.1343483924865723
1.0772528648376465
1.0617587566375732
1.0637879371643066
1.086043119430542
1.0920233726501465
1.0595126152038574
1.0891504287719727
1.0962669849395752
1.148874282836914
1.234128713607788
1.2828035354614258
1.289008378982544
1.2824368476867676
1.292623519897461
1.3385200500488281
1.3832604885101318
1.494227409362793
1.382847547531128
1.322333812713623
1.320655345916748
1.36016845703125
1.3220627307891846
1.3014578819274902
1.2351045608520508
1.0503735542297363
1.0132479667663574
0.9629969596862793
1.006056785583496
1.0700931549072266
1.0446960926055908
0.9874598979949951
0.9609463214874268
0.9491095542907715
1.0553040504455566
1.141664743423462
1.1749236583709717
1.1871180534362793
1.2490901947021484
1.2849013805389404
1.4234395027160645
1.4461743831634521
1.4086294174194336
1.429302453994751
1.3744289875030518
1.4138567447662354
1.417809009552002
1.4029669761657715
1.3494977951049805
1.2972240447998047
1.304391622543335
1.2606401443481445
1.303307294845581
1.2886383533477783
1.2790489196777344
0.132127046585083
1.2633426189422607
1.2633655071258545
1.1937682628631592
1.1548452377319336
1.0866899490356445
1.0834791660308838
1.0980761051177979
1.0758817195892334
1.0879859924316406
1.0778119564056396
1.0688574314117432
1.1190440654754639
1.0676498413085938
1.0852923393249512
1.078533411026001
1.086092233657837
1.1083128452301025
1.0266053676605225
0.8589093685150146
0.7546236515045166
0.7297892570495605
