0.44837188720703125
0.4620170593261719
0.4030296802520752
0.40502429008483887
0.39143848419189453
0.39229273796081543
0.43982863426208496
0.442899227142334
0.36990833282470703
0.3704087734222412
0.3814408779144287
0.40082812309265137
0.3855905532836914
0.39785242080688477
0.35836267471313477
0.35802769660949707
0.3630809783935547
0.3656618595123291
0.44393181800842285
0.4477667808532715
0.4654579162597656
0.4648122787475586
0.3916323184967041
0.37688660621643066
0.5160741806030273
0.5169789791107178
0.40297961235046387
0.4076511859893799
0.38094663619995117
0.3861246109008789
0.3916001319885254
0.39667296409606934
0.36856794357299805
0.3784823417663574
0.3789198398590088
0.3842010498046875
0.3918745517730713
0.3947329521179199
0.3746001720428467
0.38454270362854004
0.374194860458374
0.3769237995147705
0.38495874404907227
0.39716029167175293
0.38840770721435547
0.39307594299316406
0.4099409580230713
0.42017173767089844
0.4646155834197998
0.47452235221862793
0.5102458000183105
0.51096510887146
0.4187350273132324
0.4428999423980713
0.37838125228881836
0.38349318504333496
0.4376378059387207
0.44081854820251465
0.4394378662109375
0.4418196678161621
0.3989248275756836
0.39130353927612305
0.44103384017944336
0.44329118728637695
0.39852285385131836
0.4009225368499756
0.3957805633544922
0.400562047958374
0.37574124336242676
0.38529157638549805
0.37961554527282715
0.40590596199035645
0.4437410831451416
0.4607982635498047
0.37921738624572754
0.36626148223876953
0.39053797721862793
0.3912646770477295
0.3736238479614258
0.3764374256134033
0.382554292678833
0.3850400447845459
0.3693079948425293
0.37418079376220703
0.43247270584106445
0.4336678981781006
0.5006382465362549
0.5229885578155518
0.4316689968109131
0.43680405616760254
0.46869516372680664
0.48165392875671387
0.45063138008117676
0.45514678955078125
0.39997005462646484
0.4187357425689697
0.44587063789367676
0.45217013359069824
0.40935349464416504
0.4074678421020508
