2.511262893676758
2.560138702392578
2.4788379669189453
1.7197132110595703
2.279043197631836
1.9619464874267578
2.302885055541992
2.0508766174316406
1.753091812133789
2.404928207397461
2.7420520782470703
2.434968948364258
2.638101577758789
2.5238990783691406
2.6519298553466797
2.499103546142578
2.740144729614258
1.9948482513427734
1.9080638885498047
2.0999908447265625
1.8732547760009766
2.1181106567382812
2.6450157165527344
1.8811225891113281
2.1681785583496094
2.838134765625
1.7559528350830078
2.398967742919922
2.035856246948242
2.1162033081054688
2.8133392333984375
2.9070377349853516
2.544879913330078
2.627134323120117
2.5551319122314453
2.4330615997314453
1.7311573028564453
2.249002456665039
1.7077922821044922
2.4640560150146484
2.4628639221191406
2.418041229248047
1.6970634460449219
2.0990371704101562
1.8758773803710938
3.153085708618164
2.644062042236328
2.9439926147460938
2.8247833251953125
2.950906753540039
2.3381710052490234
2.984762191772461
3.303050994873047
2.6590824127197266
3.209352493286133
2.9947757720947266
2.8412342071533203
3.070831298828125
2.1288394927978516
2.490997314453125
2.8569698333740234
2.7420520782470703
2.051830291748047
2.214193344116211
2.747058868408203
2.123594284057617
2.087831497192383
2.084970474243164
2.0999908447265625
2.0110607147216797
1.989126205444336
2.0110607147216797
2.985239028930664
2.819061279296875
2.541780471801758
2.271890640258789
2.749919891357422
2.608060836791992
1.9462108612060547
2.2411346435546875
2.8688907623291016
2.772808074951172
2.4390220642089844
2.714872360229492
3.103017807006836
2.794981002807617
2.763986587524414
3.0667781829833984
3.04412841796875
7.625818252563477
3.1621456146240234
2.833843231201172
3.1690597534179688
3.603219985961914
3.113985061645508
3.5538673400878906
3.0241012573242188
2.9458999633789062
2.989053726196289
3.041982650756836
3.7980079650878906
4.211902618408203
3.0052661895751953
3.6759376525878906
4.06336784362793
2.8960704803466797
3.1270980834960938
4.045248031616211
3.748178482055664
3.804922103881836
3.7713050842285156
3.822803497314453
3.5550594329833984
4.051923751831055
3.7622451782226562
4.261016845703125
3.0090808868408203
3.0667781829833984
3.1328201293945312
3.805875778198242
3.5181045532226562
3.8971900939941406
3.843069076538086
3.898143768310547
4.003763198852539
3.7729740142822266
3.749847412109375
3.681182861328125
3.843069076538086
3.902912139892578
3.915071487426758
3.821849822998047
3.971099853515625
3.6420822143554688
3.0999183654785156
4.374980926513672
3.7889480590820312
3.62396240234375
3.851175308227539
3.7882328033447266
3.846883773803711
3.785848617553711
3.7229061126708984
3.8390159606933594
3.557920455932617
3.6771297454833984
3.726959228515625
3.9789676666259766
4.263877868652344
3.885030746459961
3.314971923828125
3.91387939453125
3.798961639404297
4.129886627197266
3.885984420776367
5.347967147827148
4.019975662231445
4.063844680786133
4.09698486328125
4.201412200927734
4.119157791137695
3.718137741088867
3.9911270141601562
3.902912139892578
4.372119903564453
4.055023193359375
4.190921783447266
4.318952560424805
4.263877868652344
4.420995712280273
4.159212112426758
4.19306755065918
4.02379035949707
4.106998443603516
3.8650035858154297
3.874063491821289
3.72314453125
3.673076629638672
3.2193660736083984
3.233194351196289
12.677192687988281
12.963056564331055
12.649297714233398
12.714862823486328
12.708902359008789
12.801170349121094
12.597084045410156
13.224124908447266
12.807130813598633
12.911081314086914
12.729167938232422
12.827873229980469
12.833833694458008
12.870311737060547
12.764930725097656
13.045072555541992
12.87388801574707
12.777090072631836
12.783050537109375
12.745141983032227
12.822151184082031
13.004064559936523
12.819290161132812
12.842893600463867
15.249013900756836
17.80986785888672
51.0101318359375
34.78384017944336
16.28875732421875
12.830972671508789
12.928962707519531
12.983083724975586
12.83574104309082
12.87078857421875
12.955904006958008
12.854814529418945
12.879133224487305
13.175725936889648
12.902975082397461
12.99595832824707
13.264894485473633
13.038873672485352
12.681007385253906
12.768030166625977
12.679100036621094
12.235641479492188
12.617111206054688
12.001991271972656
12.659788131713867
12.907028198242188
12.768983840942383
12.660980224609375
12.747049331665039
13.28277587890625
12.807369232177734
13.031959533691406
13.458251953125
12.933969497680664
12.8021240234375
12.707710266113281
13.514995574951172
12.86005973815918
13.103961944580078
13.063907623291016
13.251066207885742
13.28730583190918
12.92109489440918
13.466119766235352
12.969970703125
12.605905532836914
13.20195198059082
13.150930404663086
13.002157211303711
14.311790466308594
13.319969177246094
12.840032577514648
12.929677963256836
13.604164123535156
13.604879379272461
14.079093933105469
13.014078140258789
13.850212097167969
13.085126876831055
14.295101165771484
13.362884521484375
13.18979263305664
13.29183578491211
13.518095016479492
13.025999069213867
13.965129852294922
22.741079330444336
23.103952407836914
22.82428741455078
22.717952728271484
22.979021072387695
23.450851440429688
22.619962692260742
23.501873016357422
22.79520034790039
22.667884826660156
23.070096969604492
24.655818939208984
22.983074188232422
23.084163665771484
22.85003662109375
22.91393280029297
23.141860961914062
22.817134857177734
22.974014282226562
23.106813430786133
23.993968963623047
23.112058639526367
32.19413757324219
22.799253463745117
24.49178695678711
24.198293685913086
23.59914779663086
25.108814239501953
23.004770278930664
23.01168441772461
23.051023483276367
22.80282974243164
22.891998291015625
24.40190315246582
23.05889129638672
24.60479736328125
23.64492416381836
22.96304702758789
22.922039031982422
22.105932235717773
21.98004722595215
22.763967514038086
22.782325744628906
22.972822189331055
22.099971771240234
46.106815338134766
23.71692657470703
23.95915985107422
23.194074630737305
23.556232452392578
22.925138473510742
22.76015281677246
22.902965545654297
23.70309829711914
22.680044174194336
23.121118545532227
22.37391471862793
22.78614044189453
22.891998291015625
22.93992042541504
22.422075271606445
22.957801818847656
22.14813232421875
23.279905319213867
23.285627365112305
22.825956344604492
22.898197174072266
22.417068481445312
23.022174835205078
23.167133331298828
22.228002548217773
22.256851196289062
23.02098274230957
23.736238479614258
23.663997650146484
22.938251495361328
23.045778274536133
22.834300994873047
23.508071899414062
23.14281463623047
23.32472801208496
23.169755935668945
23.27108383178711
23.334264755249023
23.128032684326172
23.433923721313477
22.976160049438477
22.999048233032227
22.951841354370117
22.88198471069336
52.76894569396973
52.787065505981445
52.20293998718262
52.10399627685547
52.865028381347656
52.78277397155762
52.68692970275879
52.29997634887695
52.82998085021973
52.86693572998047
52.71792411804199
52.7949333190918
53.1160831451416
53.21979522705078
52.82306671142578
53.1158447265625
53.021907806396484
52.85286903381348
52.92701721191406
52.70504951477051
52.191972732543945
52.839040756225586
52.79111862182617
53.05814743041992
52.69479751586914
52.86908149719238
52.61492729187012
52.12116241455078
52.90389060974121
52.60491371154785
52.53410339355469
52.22010612487793
52.82902717590332
53.31611633300781
53.5888671875
53.32207679748535
52.924156188964844
52.72865295410156
52.73294448852539
52.80303955078125
52.08110809326172
53.39312553405762
52.327871322631836
52.90484428405762
52.854061126708984
52.861928939819336
52.911996841430664
52.710771560668945
55.13405799865723
54.2149543762207
56.44702911376953
53.19809913635254
53.18808555603027
53.01928520202637
53.086042404174805
53.21192741394043
52.91390419006348
52.95586585998535
52.980899810791016
53.17401885986328
52.28900909423828
52.980899810791016
52.956342697143555
53.05600166320801
52.9019832611084
53.18284034729004
53.238868713378906
53.086042404174805
53.6799430847168
53.13277244567871
52.873849868774414
53.045034408569336
88.07516098022461
54.89611625671387
53.579092025756836
53.96890640258789
54.12793159484863
53.73978614807129
54.312944412231445
53.987979888916016
54.34107780456543
53.74479293823242
54.42094802856445
54.37278747558594
54.31509017944336
54.2299747467041
53.591012954711914
54.36301231384277
54.60476875305176
53.75409126281738
104.18391227722168
102.63228416442871
102.69713401794434
102.9210090637207
103.4080982208252
102.90193557739258
103.92999649047852
104.04491424560547
103.56998443603516
104.44402694702148
103.49082946777344
103.3182144165039
102.92911529541016
103.28078269958496
103.98316383361816
103.76882553100586
103.7588119506836
104.1569709777832
103.56402397155762
103.94883155822754
103.31416130065918
103.74784469604492
103.12223434448242
103.06191444396973
103.46770286560059
103.13820838928223
111.04893684387207
110.15725135803223
110.36324501037598
103.04594039916992
103.21402549743652
104.22873497009277
103.77311706542969
103.29675674438477
104.0639877319336
103.06286811828613
103.07502746582031
103.56831550598145
103.25789451599121
103.63388061523438
103.89184951782227
103.88731956481934
103.7440299987793
103.72209548950195
104.08496856689453
104.45809364318848
104.37512397766113
104.73203659057617
104.64692115783691
104.60710525512695
103.52611541748047
103.9118766784668
103.42288017272949
103.08384895324707
104.40826416015625
104.21085357666016
104.50911521911621
103.729248046875
103.09386253356934
103.44886779785156
103.7282943725586
103.24883460998535
103.33609580993652
103.42884063720703
103.66106033325195
103.48820686340332
103.79481315612793
103.46317291259766
103.3930778503418
103.32202911376953
139.30702209472656
104.41088676452637
103.12509536743164
103.20496559143066
103.37615013122559
104.06613349914551
103.98983955383301
103.90591621398926
104.11906242370605
103.48010063171387
107.20419883728027
107.67984390258789
103.97696495056152
103.34277153015137
103.22403907775879
103.26194763183594
103.39188575744629
103.28865051269531
103.7750244140625
103.78503799438477
