3.7338733673095703
2.5358200073242188
2.7170181274414062
2.8400421142578125
2.602815628051758
4.343986511230469
2.9289722442626953
2.8998851776123047
3.170013427734375
2.917766571044922
3.545999526977539
3.247976303100586
2.8998851776123047
2.7000904083251953
3.5588741302490234
2.886056900024414
3.5746097564697266
3.4379959106445312
3.316164016723633
3.477811813354492
3.548860549926758
3.3218860626220703
3.2520294189453125
2.958059310913086
3.0629634857177734
2.981901168823242
3.629922866821289
2.810239791870117
2.9621124267578125
3.2608509063720703
3.1599998474121094
3.960847854614258
4.044771194458008
3.598928451538086
3.3779144287109375
3.56292724609375
3.5247802734375
3.6520957946777344
2.9921531677246094
2.8591156005859375
3.106832504272461
3.4401416778564453
2.992868423461914
3.509998321533203
3.1769275665283203
6.667137145996094
3.5932064056396484
4.504203796386719
3.8580894470214844
3.702878952026367
5.235910415649414
4.050254821777344
4.575967788696289
5.629777908325195
4.32896614074707
3.595113754272461
4.104137420654297
4.835844039916992
5.040884017944336
4.205942153930664
11.194705963134766
9.823083877563477
4.453897476196289
4.51207160949707
4.699230194091797
5.529880523681641
4.918098449707031
5.400180816650391
4.9037933349609375
5.073070526123047
5.193948745727539
5.127906799316406
7.025957107543945
5.116939544677734
5.794763565063477
13.831853866577148
12.36581802368164
10.458946228027344
7.700204849243164
6.58106803894043
7.459878921508789
9.052753448486328
29.97303009033203
12.777090072631836
16.861915588378906
26.798248291015625
10.038137435913086
9.253978729248047
8.03995132446289
6.700038909912109
3.9949417114257812
3.5741329193115234
3.446817398071289
3.133058547973633
3.9720535278320312
3.863096237182617
3.6890506744384766
3.7522315979003906
3.158092498779297
3.2057762145996094
3.0472278594970703
4.419088363647461
80.82103729248047
26.53193473815918
4.437923431396484
3.7813186645507812
4.012107849121094
4.511117935180664
5.773067474365234
5.088090896606445
5.071163177490234
4.448175430297852
4.158973693847656
4.2858123779296875
4.174232482910156
4.054069519042969
4.605770111083984
5.827903747558594
26.868104934692383
3.9429664611816406
4.410266876220703
4.538774490356445
5.278110504150391
5.4149627685546875
4.473209381103516
5.530118942260742
4.870891571044922
3.9000511169433594
4.336833953857422
4.558801651000977
4.441738128662109
3.943204879760742
4.62794303894043
3.9730072021484375
4.760980606079102
8.248090744018555
5.935192108154297
6.681203842163086
23.524045944213867
4.136085510253906
6.242036819458008
5.0220489501953125
5.118846893310547
4.852056503295898
4.588127136230469
4.417181015014648
4.453897476196289
5.525112152099609
5.753040313720703
5.272865295410156
14.67585563659668
32.325029373168945
7.82012939453125
8.825063705444336
7.303714752197266
8.816957473754883
6.97016716003418
8.2550048828125
9.202003479003906
8.149862289428711
6.014108657836914
33.26106071472168
237.95104026794434
7.952213287353516
6.915092468261719
18.479108810424805
43.1668758392334
12.28022575378418
12.681007385253906
9.27424430847168
12.97616958618164
12.434244155883789
13.142108917236328
35.019874572753906
306.61678314208984
32.20200538635254
10.200023651123047
10.122060775756836
9.483098983764648
10.69498062133789
12.547016143798828
28.51104736328125
13.81993293762207
13.823986053466797
13.409852981567383
13.445854187011719
13.608932495117188
15.965938568115234
25.897979736328125
13.504981994628906
12.99905776977539
178.3618927001953
28.17988395690918
13.630867004394531
13.026714324951172
13.316154479980469
14.457941055297852
13.077974319458008
15.310049057006836
33.53285789489746
13.376951217651367
13.386964797973633
13.215065002441406
13.010025024414062
19.28091049194336
29.052019119262695
12.933015823364258
13.318061828613281
239.46380615234375
13.328075408935547
13.390064239501953
15.243053436279297
33.380746841430664
14.477014541625977
13.430118560791016
14.115095138549805
15.44499397277832
13.949871063232422
31.537771224975586
13.965129852294922
13.916730880737305
16.00480079650879
14.56308364868164
22.541046142578125
26.584148406982422
28.15413475036621
15.491008758544922
183.57086181640625
16.55411720275879
13.62299919128418
14.879941940307617
16.602039337158203
31.9669246673584
15.154123306274414
13.5040283203125
13.928890228271484
13.988971710205078
15.552997589111328
37.57429122924805
16.004085540771484
23.38886260986328
243.81184577941895
39.674997329711914
17.412900924682617
19.569873809814453
17.169952392578125
14.342069625854492
39.537906646728516
15.670061111450195
16.448020935058594
16.36815071105957
17.709732055664062
17.813920974731445
33.20717811584473
20.704984664916992
30.08103370666504
188.33303451538086
27.776002883911133
40.670156478881836
22.26996421813965
29.147863388061523
45.0899600982666
24.685144424438477
20.946979522705078
33.89906883239746
266.0799026489258
38.594961166381836
24.81675148010254
41.13197326660156
17.762184143066406
23.411035537719727
33.682823181152344
23.453950881958008
24.273157119750977
27.493000030517578
30.581951141357422
25.45022964477539
23.409128189086914
23.149967193603516
22.39370346069336
22.45187759399414
22.64881134033203
22.075891494750977
23.163795471191406
22.92799949645996
23.432016372680664
24.374961853027344
23.910045623779297
23.334980010986328
23.77486228942871
23.220300674438477
23.424148559570312
23.10776710510254
23.324966430664062
23.391008377075195
23.19169044494629
23.26488494873047
23.464202880859375
22.886991500854492
23.05912971496582
23.070812225341797
24.879932403564453
57.39712715148926
25.05803108215332
24.866819381713867
24.434804916381836
24.293899536132812
33.81991386413574
40.57717323303223
41.87417030334473
35.62593460083008
24.739980697631836
27.212858200073242
26.261091232299805
26.239871978759766
30.595064163208008
31.342029571533203
25.238037109375
26.362180709838867
26.04198455810547
24.842023849487305
25.832414627075195
25.250673294067383
25.59494972229004
25.550127029418945
25.381088256835938
25.01511573791504
25.668859481811523
25.009870529174805
25.211095809936523
35.714149475097656
29.500246047973633
26.5200138092041
27.50396728515625
27.682065963745117
26.40700340270996
27.795076370239258
26.628971099853516
26.746749877929688
26.754140853881836
26.412010192871094
26.283979415893555
26.79610252380371
27.261018753051758
27.405738830566406
42.00601577758789
37.611961364746094
45.96424102783203
38.30289840698242
32.20391273498535
32.55295753479004
34.61909294128418
31.172990798950195
32.03892707824707
32.14001655578613
32.11092948913574
32.523155212402344
34.346818923950195
31.997203826904297
32.71794319152832
54.173946380615234
55.2370548248291
53.94577980041504
54.015159606933594
53.94101142883301
53.89833450317383
54.13103103637695
54.187774658203125
54.0463924407959
53.97605895996094
54.627180099487305
53.778886795043945
53.98988723754883
53.62081527709961
54.11791801452637
53.9698600769043
53.84016036987305
52.97493934631348
53.18403244018555
53.636789321899414
53.94387245178223
53.652048110961914
53.57193946838379
54.347991943359375
53.32827568054199
53.91502380371094
53.691864013671875
53.52210998535156
53.14922332763672
53.96294593811035
54.00681495666504
53.289175033569336
53.97796630859375
54.12101745605469
54.16512489318848
53.65586280822754
53.24411392211914
53.45010757446289
53.17115783691406
53.46822738647461
53.308963775634766
53.17997932434082
52.96611785888672
52.99782752990723
53.64203453063965
56.75315856933594
53.446054458618164
54.24690246582031
54.01897430419922
53.36189270019531
54.62813377380371
53.591012954711914
53.87592315673828
53.7419319152832
53.56597900390625
54.718017578125
53.39169502258301
54.90684509277344
54.041147232055664
55.84907531738281
62.11090087890625
59.722900390625
55.284976959228516
55.04274368286133
55.54914474487305
54.388999938964844
54.628849029541016
54.908037185668945
54.776906967163086
58.27593803405762
59.751272201538086
60.01615524291992
55.09185791015625
56.07008934020996
54.26907539367676
66.56885147094727
62.40272521972656
61.929941177368164
59.602975845336914
62.73913383483887
58.593034744262695
58.07209014892578
59.487104415893555
60.75334548950195
57.69515037536621
56.710004806518555
59.67903137207031
58.136940002441406
58.45808982849121
59.454917907714844
103.30390930175781
103.14083099365234
102.96201705932617
103.06501388549805
104.18105125427246
103.22213172912598
102.82206535339355
102.41484642028809
103.9421558380127
103.39784622192383
103.45077514648438
103.26814651489258
104.18891906738281
103.34110260009766
144.7620391845703
105.08918762207031
103.21712493896484
103.27816009521484
103.34610939025879
103.22809219360352
103.53207588195801
103.27911376953125
104.14910316467285
105.27396202087402
104.50315475463867
104.13885116577148
103.57522964477539
103.03831100463867
103.1339168548584
103.51991653442383
104.6907901763916
103.98483276367188
103.68108749389648
104.05206680297852
103.46078872680664
103.72304916381836
103.02591323852539
103.32179069519043
103.83296012878418
103.61003875732422
103.76381874084473
104.30002212524414
104.12716865539551
104.83098030090332
104.827880859375
108.91175270080566
106.20617866516113
105.48090934753418
105.18193244934082
105.0879955291748
104.58707809448242
104.87604141235352
104.18701171875
104.7370433807373
104.60901260375977
105.38768768310547
103.95479202270508
103.6829948425293
104.21991348266602
106.95409774780273
111.74511909484863
108.01506042480469
106.27889633178711
104.82096672058105
107.46598243713379
104.94494438171387
106.06002807617188
108.38031768798828
111.22512817382812
105.85808753967285
104.44068908691406
106.51803016662598
105.33499717712402
106.19187355041504
110.93306541442871
135.31899452209473
113.13605308532715
108.8569164276123
110.52918434143066
110.6419563293457
110.20684242248535
106.7049503326416
108.9630126953125
115.80514907836914
111.52815818786621
108.56175422668457
110.64410209655762
108.48474502563477
106.51588439941406
107.56707191467285
