15.0067,0,1000,9.67126,48,2.87721,0.0934645
14.8249,0,1001,10.0942,37,3.0743,0.107885
14.4321,0,1002,10.2339,38,2.85923,0.0996108
14.3596,0,1003,9.98101,38,2.81164,0.0979528
14.3334,0,1004,9.50079,43,2.86581,0.0963492
15.7808,0,1005,10.1044,52,3.05502,0.0966289
15.0981,0,1006,10.0664,49,3.32576,0.10731
14.7608,0,1007,10.658,35,2.83961,0.101126
13.9595,0,1008,9.99807,37,3.0127,0.105724
14.376,0,1009,10.3292,37,2.78593,0.0977655
14.4946,0,1010,9.2261,45,3.14217,0.104183
15.4899,0,1011,10.8447,44,3.19713,0.106742
15.7578,0,1012,10.3974,44,3.14016,0.10484
14.3745,0,1013,9.87049,46,2.94599,0.0970096
15.2304,0,1014,9.991,43,2.68491,0.0902674
15.0638,0,1015,10.4743,43,2.96016,0.0995211
14.593,0,1016,10.4596,41,3.11402,0.106179
15.5929,0,1017,9.71634,46,2.98077,0.0981551
14.5109,0,1018,9.63438,43,2.71438,0.0912581
13.7405,0,1019,10.637,32,2.65845,0.0968259
20.605,0.1,1000,10.7154,81,3.51875,0.0934645
19.7479,0.1,1001,10.8387,72,3.8597,0.107885
20.1425,0.1,1002,9.66766,81,3.75015,0.0996108
20.561,0.1,1003,9.68916,82,3.7081,0.0979528
19.725,0.1,1004,9.14462,77,3.54719,0.0963492
20.5934,0.1,1005,10.1882,83,3.67808,0.0966289
19.9921,0.1,1006,9.88569,79,3.99538,0.10731
19.3105,0.1,1007,10.5938,66,3.49167,0.101126
18.5823,0.1,1008,9.75924,67,3.67241,0.105724
19.5585,0.1,1009,9.89284,74,3.53833,0.0977655
20.2204,0.1,1010,9.55787,82,3.94397,0.104183
19.0824,0.1,1011,10.5532,69,3.75219,0.106742
20.7089,0.1,1012,10.5791,88,4.09966,0.10484
18.4823,0.1,1013,10.1973,70,3.43026,0.0970096
18.9507,0.1,1014,10.2887,69,3.17308,0.0902674
20.372,0.1,1015,11.453,76,3.64327,0.0995211
17.7767,0.1,1016,10.2305,63,3.5999,0.106179
19.3044,0.1,1017,9.941,67,3.40952,0.0981551
19.5427,0.1,1018,9.7117,78,3.37874,0.0912581
17.7577,0.1,1019,10.1963,62,3.26265,0.0968259
26.3152,0.2,1000,10.7286,122,4.31582,0.0934645
23.1927,0.2,1001,9.75552,103,4.55535,0.107885
26.1349,0.2,1002,9.93412,116,4.47531,0.0996108
26.9269,0.2,1003,9.62308,122,4.52307,0.0979528
25.1893,0.2,1004,9.84494,112,4.24862,0.0963492
27.8563,0.2,1005,10.3147,129,4.60263,0.0966289
24.4217,0.2,1006,10.7867,105,4.57572,0.10731
28.1861,0.2,1007,11.0354,135,4.94303,0.101126
23.2761,0.2,1008,9.61884,103,4.46407,0.105724
26.594,0.2,1009,10.0828,118,4.43308,0.0977655
26.039,0.2,1010,9.49624,124,4.85411,0.104183
25.1276,0.2,1011,9.78636,114,4.75129,0.106742
25.2165,0.2,1012,11.0163,112,4.62302,0.10484
23.6075,0.2,1013,10.2562,104,4.11631,0.0970096
23.5867,0.2,1014,10.3506,105,3.849,0.0902674
27.4147,0.2,1015,11.4793,123,4.61619,0.0995211
24.8448,0.2,1016,11.0247,110,4.63791,0.106179
24.6847,0.2,1017,9.99356,105,4.18533,0.0981551
23.757,0.2,1018,10.3023,98,3.75837,0.0912581
22.7114,0.2,1019,11.0953,96,3.9474,0.0968259
32.2558,0.3,1000,10.5147,159,5.03512,0.0934645
30.4849,0.3,1001,9.37567,150,5.61003,0.107885
32.1213,0.3,1002,10.2702,159,5.36623,0.0996108
33.1795,0.3,1003,9.95252,169,5.48066,0.0979528
31.6714,0.3,1004,9.92932,158,5.17048,0.0963492
34.6692,0.3,1005,9.93036,184,5.70806,0.0966289
33.4535,0.3,1006,11.0901,165,5.91495,0.10731
35.7992,0.3,1007,12.0613,185,5.99473,0.101126
35.1746,0.3,1008,10.7313,177,6.09137,0.105724
34.3,0.3,1009,10.3027,169,5.47017,0.0977655
34.951,0.3,1010,9.93428,184,6.15432,0.104183
30.8547,0.3,1011,10.4752,149,5.52837,0.106742
32.4002,0.3,1012,10.2558,164,5.75697,0.10484
32.3431,0.3,1013,11.2194,171,5.46824,0.0970096
30.9685,0.3,1014,10.1736,154,4.76901,0.0902674
31.0902,0.3,1015,10.5472,153,5.2372,0.0995211
33.1634,0.3,1016,12.1806,167,5.89677,0.106179
34.9213,0.3,1017,10.6755,182,5.75739,0.0981551
31.3598,0.3,1018,10.6586,152,4.78338,0.0912581
28.7603,0.3,1019,11.0972,135,4.73285,0.0968259
43.3945,0.4,1000,9.99213,240,6.60981,0.0934645
47.9791,0.4,1001,11.4078,265,8.19065,0.107885
40.126,0.4,1002,11.4113,213,6.48506,0.0996108
49.0156,0.4,1003,9.29704,272,7.5792,0.0979528
42.4172,0.4,1004,11.4883,227,6.55329,0.0963492
49.5696,0.4,1005,12.318,272,7.47675,0.0966289
53.2073,0.4,1006,10.8139,308,9.10679,0.10731
49.5676,0.4,1007,11.2868,272,7.8247,0.101126
47.5347,0.4,1008,10.8226,257,7.85061,0.105724
46.1423,0.4,1009,12.7821,252,7.158,0.0977655
44.1811,0.4,1010,10.2792,240,7.36785,0.104183
41.2018,0.4,1011,10.0879,227,7.26015,0.106742
48.1209,0.4,1012,13.2228,270,8.06847,0.10484
41.1274,0.4,1013,9.76112,230,6.65874,0.0970096
46.6683,0.4,1014,10.6164,262,6.79677,0.0902674
43.8448,0.4,1015,10.2463,241,7.05883,0.0995211
44.8746,0.4,1016,11.1104,253,7.7961,0.106179
43.3094,0.4,1017,11.9933,237,6.88028,0.0981551
43.4414,0.4,1018,10.399,234,6.33988,0.0912581
42.5769,0.4,1019,13.3446,231,6.66627,0.0968259
62.9356,0.5,1000,9.71109,366,9.05933,0.0934645
61.4131,0.5,1001,10.7806,352,10.1429,0.107885
57.9634,0.5,1002,10.2223,329,8.88847,0.0996108
68.7808,0.5,1003,11.5269,408,10.3501,0.0979528
69.1955,0.5,1004,10.8707,410,10.2207,0.0963492
73.0241,0.5,1005,10.9803,438,10.8132,0.0966289
68.7394,0.5,1006,17.7602,410,11.3835,0.10731
69.2632,0.5,1007,9.45092,405,10.6222,0.101126
65.014,0.5,1008,9.10435,377,10.4895,0.105724
69.3088,0.5,1009,9.07555,409,10.3506,0.0977655
59.0877,0.5,1010,11.1377,342,9.5782,0.104183
53.6074,0.5,1011,11.7184,305,8.99194,0.106742
58.7987,0.5,1012,12.1921,343,9.66036,0.10484
61.3267,0.5,1013,8.84731,369,9.46348,0.0970096
67.0059,0.5,1014,11.0883,402,9.42536,0.0902674
58.3072,0.5,1015,10.881,332,8.94257,0.0995211
73.0536,0.5,1016,11.9652,437,11.8598,0.106179
63.2421,0.5,1017,12.7533,367,9.53439,0.0981551
58.7334,0.5,1018,10.7012,347,8.48481,0.0912581
61.1837,0.5,1019,13.9094,357,9.20389,0.0968259
102.264,0.6,1000,8.77787,634,14.2694,0.0934645
88.7682,0.6,1001,10.2123,541,14.3841,0.107885
83.8513,0.6,1002,11.7594,507,12.5765,0.0996108
100.674,0.6,1003,12.7504,620,14.6694,0.0979528
97.9274,0.6,1004,8.95099,612,14.2689,0.0963492
95.9305,0.6,1005,11.3691,599,14.0491,0.0966289
98.4231,0.6,1006,11.8095,614,15.9369,0.10731
103.628,0.6,1007,20.6764,645,15.6704,0.101126
99.4385,0.6,1008,9.01852,622,15.8771,0.105724
103.961,0.6,1009,7.90332,650,15.2514,0.0977655
73.5503,0.6,1010,11.8311,445,11.8102,0.104183
82.4641,0.6,1011,10.2816,504,13.4102,0.106742
81.2403,0.6,1012,9.57627,492,12.9096,0.10484
98.2493,0.6,1013,17.9402,620,14.5282,0.0970096
93.8782,0.6,1014,9.07227,577,12.7111,0.0902674
84.855,0.6,1015,19.7084,512,12.6686,0.0995211
103.033,0.6,1016,10.915,645,16.4535,0.106179
103.756,0.6,1017,12.8714,647,15.2509,0.0981551
80.515,0.6,1018,11.8513,482,11.0473,0.0912581
95.0226,0.6,1019,14.5319,580,13.6951,0.0968259
152.501,0.7,1000,13.5685,975,20.8987,0.0934645
153.732,0.7,1001,11.2972,975,24.1231,0.107885
151.63,0.7,1002,10.3609,976,22.2937,0.0996108
160.882,0.7,1003,12.1099,1047,23.3692,0.0979528
138.033,0.7,1004,10.3118,885,19.74,0.0963492
143.847,0.7,1005,17.8754,933,20.7621,0.0966289
171.226,0.7,1006,41.1462,1117,27.1641,0.10731
147.486,0.7,1007,14.7068,955,22.191,0.101126
155.956,0.7,1008,33.34,1002,24.2335,0.105724
157.635,0.7,1009,118.581,1011,22.5924,0.0977655
126.932,0.7,1010,18.2846,811,19.7415,0.104183
114.154,0.7,1011,8.3894,727,18.3613,0.106742
136.74,0.7,1012,11.5845,873,21.2179,0.10484
156.694,0.7,1013,9.79485,1039,22.9827,0.0960395
152.025,0.7,1014,11.695,977,20.2213,0.0902674
121.786,0.7,1015,12.1593,770,18.0093,0.0995211
160.141,0.7,1016,11.5083,1055,25.5085,0.106179
145.385,0.7,1017,11.5831,941,21.2533,0.0981551
126.527,0.7,1018,12.8377,802,17.1215,0.0912581
142.645,0.7,1019,11.413,918,20.5023,0.0968259
233.25,0.8,1000,5.61187,1532,31.7271,0.0934645
362.83,0.8,1001,9.1688,2654,61.7777,0.0992544
226.172,0.8,1002,9.36821,1482,32.7775,0.0996108
259.528,0.8,1003,9.42012,1739,37.4681,0.0969733
425.092,0.8,1004,0,3015,62.4266,0.0905683
292.785,0.8,1005,9.21027,1931,40.8207,0.0956626
317.481,0.8,1006,0,2127,49.7079,0.105164
227.998,0.8,1007,0,1477,33.1709,0.101126
200.364,0.8,1008,11.7112,1306,30.9186,0.105724
217.875,0.8,1009,94.1645,1439,31.2959,0.0977655
222.422,0.8,1010,71.3424,1455,33.6971,0.104183
231.631,0.8,1011,0,1513,35.8123,0.106742
240.304,0.8,1012,0,1577,36.5698,0.10484
271.784,0.8,1013,9.49304,1799,38.318,0.0970096
270.6,0.8,1014,10.5559,1800,35.6737,0.0902674
797.625,0.8,1015,10.0881,5478,115.115,0.0746408
276.368,0.8,1016,0,1832,42.6688,0.106179
266.509,0.8,1017,17.908,1744,37.6476,0.0971736
211.531,0.8,1018,12.564,1385,28.1878,0.0912581
263.813,0.8,1019,10.2515,1742,37.0975,0.0968259
2650.24,0.9,1000,0,9167,179.204,0.0401897
3311.98,0.9,1001,0,8618,194.174,0.029129
4540.81,0.9,1002,0,9561,198.737,0.0229105
2141.55,0.9,1003,0,8522,174.403,0.0293858
2045.66,0.9,1004,0,7663,154.654,0.0443206
3774.02,0.9,1005,6135.61,10023,202.073,0.0222246
3481.48,0.9,1006,0,8959,200.773,0.0300469
2631.54,0.9,1007,0,9020,190.696,0.0384278
1963.02,0.9,1008,0,8458,187.029,0.0412322
1280.17,0.9,1009,0,6643,136.449,0.0576816
1597.79,0.9,1010,0,7946,173.123,0.0364642
2806.29,0.9,1011,0,8472,189.053,0.0373597
3574.69,0.9,1012,0,9468,207.185,0.02621
1338.58,0.9,1013,10.0928,7522,153.01,0.0514151
3926.6,0.9,1014,0,10143,191.286,0.0333989
1157.92,0.9,1015,0,7398,154.383,0.051751
2865.46,0.9,1016,0,9041,200.402,0.0265448
3233.62,0.9,1017,0,9878,202.448,0.0294465
1983.24,0.9,1018,0,9283,177.08,0.0346781
3687.65,0.9,1019,0,9114,184.4,0.0329208
