15.0957,0,1000,9.86063,48,2.87721,0.0934645
14.8245,0,1001,10.3747,38,3.09674,0.107885
14.8101,0,1002,9.77882,42,2.9421,0.0996108
16.4509,0,1003,9.76877,55,3.158,0.0979528
14.9989,0,1004,9.76058,44,2.88585,0.0963492
14.1652,0,1005,10.0639,39,2.79373,0.0966289
14.3753,0,1006,10.0567,33,2.96864,0.10731
14.8999,0,1007,10.1951,43,3.00788,0.101126
14.4412,0,1008,9.7119,37,3.0127,0.105724
15.119,0,1009,9.82013,40,2.84693,0.0977655
15.6416,0,1010,9.88586,46,3.16384,0.104183
15.1853,0,1011,10.7331,40,3.10832,0.106742
15.5843,0,1012,10.7244,51,3.29281,0.10484
14.9589,0,1013,10.2891,46,2.94599,0.0970096
13.8671,0,1014,10.9199,29,2.42205,0.0902674
15.217,0,1015,10.4327,41,2.91875,0.0995211
14.1492,0,1016,9.96299,42,3.13611,0.106179
13.7672,0,1017,10.3522,32,2.69495,0.0981551
14.7889,0,1018,10.0388,46,2.77133,0.0912581
14.5553,0,1019,10.5473,38,2.77929,0.0968259
20.605,0.1,1000,10.7154,81,3.51875,0.0934645
19.7479,0.1,1001,10.8387,72,3.8597,0.107885
20.1425,0.1,1002,9.66766,81,3.75015,0.0996108
20.561,0.1,1003,9.68916,82,3.7081,0.0979528
19.725,0.1,1004,9.14462,77,3.54719,0.0963492
20.5934,0.1,1005,10.1882,83,3.67808,0.0966289
19.9921,0.1,1006,9.88569,79,3.99538,0.10731
19.3105,0.1,1007,10.5938,66,3.49167,0.101126
18.5823,0.1,1008,9.75924,67,3.67241,0.105724
19.5585,0.1,1009,9.89284,74,3.53833,0.0977655
20.2204,0.1,1010,9.55787,82,3.94397,0.104183
19.0824,0.1,1011,10.5532,69,3.75219,0.106742
20.7089,0.1,1012,10.5791,88,4.09966,0.10484
18.4823,0.1,1013,10.1973,70,3.43026,0.0970096
18.9507,0.1,1014,10.2887,69,3.17308,0.0902674
20.372,0.1,1015,11.453,76,3.64327,0.0995211
17.7767,0.1,1016,10.2305,63,3.5999,0.106179
19.3044,0.1,1017,9.941,67,3.40952,0.0981551
19.5427,0.1,1018,9.7117,78,3.37874,0.0912581
17.7577,0.1,1019,10.1963,62,3.26265,0.0968259
25.3291,0.2,1000,9.94815,115,4.17973,0.0934645
26.0625,0.2,1001,11.386,110,4.71243,0.107885
25.1918,0.2,1002,9.52941,113,4.41316,0.0996108
26.2762,0.2,1003,9.68514,119,4.46195,0.0979528
25.8307,0.2,1004,9.10705,118,4.36886,0.0963492
25.5423,0.2,1005,10.7009,116,4.34134,0.0966289
25.5024,0.2,1006,10.7159,110,4.68732,0.10731
25.5216,0.2,1007,9.95096,116,4.54338,0.101126
23.7833,0.2,1008,9.36088,101,4.42009,0.105724
27.5988,0.2,1009,10.2588,123,4.53475,0.0977655
27.0523,0.2,1010,9.99523,126,4.89745,0.104183
26.266,0.2,1011,11.1552,117,4.8179,0.106742
27.3979,0.2,1012,11.2016,128,4.97192,0.10484
24.8766,0.2,1013,11.1856,117,4.37862,0.0970096
22.8839,0.2,1014,9.88289,99,3.73635,0.0902674
26.748,0.2,1015,11.092,116,4.47128,0.0995211
23.2941,0.2,1016,11.3532,101,4.43914,0.106179
24.0371,0.2,1017,10.2418,103,4.1445,0.0981551
26.2759,0.2,1018,9.68238,127,4.30884,0.0912581
21.9327,0.2,1019,10.7301,86,3.746,0.0968259
30.7829,0.3,1000,9.49195,155,4.95736,0.0934645
32.4277,0.3,1001,11.1593,156,5.74467,0.107885
31.6401,0.3,1002,12.1141,157,5.32479,0.0996108
37.7668,0.3,1003,9.53148,202,6.153,0.0979528
32.8009,0.3,1004,9.78936,164,5.29073,0.0963492
31.4551,0.3,1005,10.5398,156,5.14529,0.0966289
32.4361,0.3,1006,10.9835,163,5.87031,0.10731
35.033,0.3,1007,10.0462,174,5.76336,0.101126
35.1742,0.3,1008,9.42662,187,6.31127,0.105724
32.8996,0.3,1009,11.2559,170,5.49051,0.0977655
38.3723,0.3,1010,10.4655,201,6.52271,0.104183
32.5224,0.3,1011,11.6408,162,5.817,0.106742
35.9533,0.3,1012,10.6389,179,6.08407,0.10484
32.0739,0.3,1013,9.28529,164,5.32699,0.0970096
32.586,0.3,1014,11.8386,159,4.86288,0.0902674
34.8575,0.3,1015,9.93309,173,5.65121,0.0995211
30.1041,0.3,1016,10.4543,149,5.49924,0.106179
27.2829,0.3,1017,11.0394,129,4.67532,0.0981551
34.0285,0.3,1018,10.1117,176,5.23894,0.0912581
33.4211,0.3,1019,10.2175,170,5.43774,0.0968259
42.5801,0.4,1000,11.7411,235,6.51261,0.0934645
40.2776,0.4,1001,10.5205,211,6.97888,0.107885
43.2833,0.4,1002,10.76,239,7.02375,0.0996108
52.4521,0.4,1003,11.7834,296,8.06818,0.0979528
42.2381,0.4,1004,10.644,228,6.57333,0.0963492
45.3736,0.4,1005,11.2258,247,6.97428,0.0966289
40.4216,0.4,1006,9.38209,214,7.00866,0.10731
46.2285,0.4,1007,9.76934,255,7.46712,0.101126
50.1607,0.4,1008,12.6456,283,8.42236,0.105724
47.1483,0.4,1009,10.452,253,7.17833,0.0977655
49.7175,0.4,1010,9.45684,279,8.21298,0.104183
44.7399,0.4,1011,11.6862,240,7.54879,0.106742
44.1359,0.4,1012,11.8041,241,7.43608,0.10484
41.5134,0.4,1013,10.9118,232,6.69909,0.0970096
45.5766,0.4,1014,11.6394,249,6.55269,0.0902674
45.0727,0.4,1015,9.92983,250,7.24514,0.0995211
43.421,0.4,1016,12.0072,235,7.39857,0.106179
37.6913,0.4,1017,10.2547,193,5.98196,0.0981551
46.3725,0.4,1018,11.2373,253,6.70053,0.0912581
41.6112,0.4,1019,11.6279,220,6.44473,0.0968259
61.9939,0.5,1000,11.9788,360,8.94269,0.0934645
59.3337,0.5,1001,10.7673,346,10.0083,0.107885
58.8438,0.5,1002,13.551,347,9.26141,0.0996108
64.9376,0.5,1003,16.2381,383,9.84073,0.0979528
60.8468,0.5,1004,9.5944,359,9.19865,0.0963492
60.4889,0.5,1005,10.1966,355,9.14496,0.0966289
67.7239,0.5,1006,10.8404,399,11.138,0.10731
68.7432,0.5,1007,9.56209,406,10.6433,0.101126
68.8813,0.5,1008,10.8294,413,11.2811,0.105724
68.5928,0.5,1009,12.8368,401,10.1879,0.0977655
68.1029,0.5,1010,9.59964,400,10.8351,0.104183
64.4675,0.5,1011,10.4096,384,10.7459,0.106742
57.344,0.5,1012,14.5153,329,9.35507,0.10484
60.4939,0.5,1013,10.4759,355,9.18099,0.0970096
54.6549,0.5,1014,10.2347,311,7.71678,0.0902674
58.9522,0.5,1015,9.44425,343,9.17027,0.0995211
64.0003,0.5,1016,15.9364,375,10.4905,0.106179
58.1777,0.5,1017,11.035,332,8.81982,0.0981551
69.9853,0.5,1018,15.5917,419,9.85149,0.0912581
60.5527,0.5,1019,11.8276,343,8.92193,0.0968259
92.4256,0.6,1000,11.5744,573,13.0835,0.0934645
87.532,0.6,1001,9.6643,543,14.429,0.107885
102.247,0.6,1002,14.1617,634,15.2078,0.0996108
93.6094,0.6,1003,8.49262,593,14.1193,0.0979528
81.8706,0.6,1004,9.66797,498,11.9843,0.0963492
93.3019,0.6,1005,10.7473,583,13.7275,0.0966289
100.643,0.6,1006,10.2291,636,16.4279,0.10731
94.927,0.6,1007,28.0508,582,14.3453,0.101126
102.452,0.6,1008,9.18528,638,16.229,0.105724
96.7945,0.6,1009,10.8091,601,14.255,0.0977655
95.4002,0.6,1010,9.5344,588,14.9091,0.104183
106.602,0.6,1011,14.2804,668,17.0514,0.106742
73.8543,0.6,1012,16.3642,445,11.8846,0.10484
83.3414,0.6,1013,18.7698,508,12.2682,0.0970096
79.8015,0.6,1014,9.76694,490,11.0776,0.0902674
99.4027,0.6,1015,14.8284,610,14.6973,0.0995211
88.7614,0.6,1016,15.8074,549,14.3333,0.106179
79.4879,0.6,1017,9.38286,474,11.7189,0.0981551
104.852,0.6,1018,11.208,655,14.3312,0.0912581
98.6802,0.6,1019,12.4015,607,14.2388,0.0968259
134.284,0.7,1000,11.238,854,18.5464,0.0934645
129.871,0.7,1001,10.7282,824,20.7347,0.107885
142.353,0.7,1002,26.8823,920,21.1334,0.0996108
162.155,0.7,1003,61.4663,1046,23.3488,0.0979528
151.108,0.7,1004,10.3255,978,21.6038,0.0963492
136.154,0.7,1005,14.6186,879,19.6767,0.0966289
144.11,0.7,1006,19.9352,929,22.9679,0.10731
137.001,0.7,1007,13.4252,870,20.4031,0.101126
145.9,0.7,1008,7.48976,930,22.6502,0.105724
149.884,0.7,1009,18.3439,963,21.6163,0.0977655
145.369,0.7,1010,8.97598,927,22.2552,0.104183
154.607,0.7,1011,10.1256,1004,24.5113,0.106742
128.67,0.7,1012,9.77109,816,19.9749,0.10484
128.134,0.7,1013,30.0324,817,18.5032,0.0970096
143.361,0.7,1014,13.3772,907,18.907,0.0902674
153.935,0.7,1015,10.6219,994,22.6462,0.0995211
138.424,0.7,1016,11.2969,895,21.9749,0.106179
127.59,0.7,1017,32.7487,799,18.3542,0.0981551
172.41,0.7,1018,45.5509,1100,22.778,0.0912581
142.312,0.7,1019,9.85028,916,20.462,0.0968259
248.77,0.8,1000,16.3176,1648,33.9822,0.0934645
216.03,0.8,1001,101.207,1409,33.8622,0.107885
219.019,0.8,1002,12.4448,1422,31.5344,0.0996108
271.076,0.8,1003,0,1776,38.222,0.0979528
229.15,0.8,1004,31.4359,1498,32.0249,0.0963492
279.38,0.8,1005,0,1858,39.3535,0.0966289
242.991,0.8,1006,43.0221,1590,37.7218,0.10731
253.083,0.8,1007,12.5322,1654,36.8939,0.101126
315.549,0.8,1008,14.8217,2058,47.4555,0.104666
223.914,0.8,1009,5.06967,1457,31.6619,0.0977655
211.544,0.8,1010,45.9056,1392,32.3318,0.104183
205.287,0.8,1011,25.0134,1336,31.8825,0.106742
211.694,0.8,1012,12.2292,1378,32.2303,0.10484
244.442,0.8,1013,6.23756,1607,34.4438,0.0960395
226.045,0.8,1014,14.3832,1476,29.5904,0.0902674
272.164,0.8,1015,74.1528,1788,39.0823,0.0995211
229.346,0.8,1016,11.766,1481,34.9168,0.106179
251.115,0.8,1017,39.2268,1644,35.606,0.0981551
237.41,0.8,1018,11.0645,1537,31.073,0.0912581
254.484,0.8,1019,11.3505,1666,35.5669,0.0968259
538.747,0.9,1000,10.6782,3550,70.9583,0.0934645
579.413,0.9,1001,0,3827,88.1224,0.107885
587.973,0.9,1002,0,3834,81.5087,0.0996108
535.406,0.9,1003,0,3419,71.6968,0.0969733
569.532,0.9,1004,31.3147,3750,77.1565,0.0963492
498.507,0.9,1005,3.38377,3335,69.0394,0.0946963
579.637,0.9,1006,0,3813,87.3404,0.10731
484.786,0.9,1007,0,3209,69.602,0.101126
629.398,0.9,1008,0,4051,91.2825,0.104666
522.787,0.9,1009,0,3438,71.946,0.0977655
487.312,0.9,1010,13.5541,3207,71.6631,0.103142
567.133,0.9,1011,0,3739,85.2347,0.105674
611.197,0.9,1012,0,3981,88.9931,0.102743
457.352,0.9,1013,0,3002,62.5921,0.0940993
579.036,0.9,1014,0,3823,73.6567,0.0902674
596.93,0.9,1015,0,3896,82.7187,0.0995211
460.619,0.9,1016,0,3043,69.414,0.105117
552.827,0.9,1017,0,3642,76.3976,0.0981551
518.576,0.9,1018,0,3372,65.9044,0.0903455
563.703,0.9,1019,0,3696,76.4507,0.0958577
