15.3087,0,1000,9.55698,50,1.12157,0.747716
14.8202,0,1001,10.0874,36,1.17379,0.863082
14.514,0,1002,10.1603,38,1.0997,0.796886
14.099,0,1003,9.95601,35,1.05789,0.783623
14.6382,0,1004,9.55686,42,1.09453,0.770794
16.3895,0,1005,9.8353,50,1.15955,0.773031
14.998,0,1006,9.78393,39,1.19329,0.858483
14.7882,0,1007,10.4298,37,1.10834,0.809006
14.0997,0,1008,9.87732,36,1.15027,0.845788
14.376,0,1009,10.3292,37,1.07151,0.782124
14.4684,0,1010,9.26713,40,1.16685,0.833467
15.1634,0,1011,10.6375,40,1.19551,0.853935
15.7578,0,1012,10.3974,44,1.20775,0.838719
14.2667,0,1013,10.1071,42,1.10203,0.776077
15.2304,0,1014,9.991,43,1.03266,0.722139
15.0706,0,1015,10.4936,38,1.09871,0.796169
14.593,0,1016,10.4596,41,1.1977,0.849434
15.407,0,1017,9.75543,44,1.13075,0.785241
14.5401,0,1018,9.49475,42,1.03669,0.730065
13.9814,0,1019,10.3821,32,1.02248,0.774607
20.7398,0.1,1000,10.5744,80,1.34589,0.747716
19.9423,0.1,1001,10.6066,69,1.45861,0.863082
20.3718,0.1,1002,9.8705,76,1.40252,0.796886
21.3201,0.1,1003,9.62185,85,1.4497,0.783623
19.725,0.1,1004,9.14462,77,1.3643,0.770794
20.1668,0.1,1005,10.145,74,1.34507,0.773031
20.8478,0.1,1006,9.84081,72,1.47659,0.858483
19.4605,0.1,1007,10.5938,66,1.34295,0.809006
18.7731,0.1,1008,9.645,66,1.40401,0.845788
19.885,0.1,1009,9.8587,71,1.33743,0.782124
20.8534,0.1,1010,9.5574,77,1.47524,0.833467
19.2951,0.1,1011,10.5163,69,1.44315,0.853935
21.0789,0.1,1012,10.6054,81,1.51808,0.838719
18.8589,0.1,1013,10.1057,72,1.33485,0.776077
18.9551,0.1,1014,10.4332,66,1.19875,0.722139
21.3624,0.1,1015,10.4591,74,1.38533,0.796169
17.6736,0.1,1016,10.4466,61,1.36759,0.849434
19.3931,0.1,1017,9.941,67,1.31135,0.785241
20.2782,0.1,1018,10.0007,75,1.27761,0.730065
17.9535,0.1,1019,10.0932,60,1.23937,0.774607
27.4946,0.2,1000,10.2267,119,1.6375,0.747716
25.1218,0.2,1001,9.52461,99,1.71753,0.863082
26.6121,0.2,1002,10.3424,117,1.72924,0.796886
27.8324,0.2,1003,9.74081,121,1.73181,0.783623
26.0966,0.2,1004,9.82253,113,1.64179,0.770794
29.2204,0.2,1005,10.1082,129,1.77024,0.773031
24.7029,0.2,1006,10.6189,99,1.70838,0.858483
29.6658,0.2,1007,10.0838,133,1.88498,0.809006
25.1344,0.2,1008,9.92399,102,1.70849,0.845788
26.0223,0.2,1009,10.1817,111,1.65028,0.782124
26.3663,0.2,1010,9.74973,110,1.75028,0.833467
24.8458,0.2,1011,9.93797,108,1.77618,0.853935
25.528,0.2,1012,10.492,111,1.7697,0.838719
25.8982,0.2,1013,9.92124,106,1.59872,0.776077
23.9354,0.2,1014,10.3752,99,1.43706,0.722139
28.1182,0.2,1015,10.0368,119,1.74361,0.796169
25.0684,0.2,1016,10.6981,111,1.79231,0.849434
24.8347,0.2,1017,9.99356,105,1.60974,0.785241
24.0239,0.2,1018,10.4068,98,1.44553,0.730065
23.4701,0.2,1019,10.3518,94,1.50274,0.774607
34.0558,0.3,1000,9.92363,153,1.89172,0.747716
33.1876,0.3,1001,9.42997,148,2.14044,0.863082
32.6444,0.3,1002,10.2664,152,2.00815,0.796886
34.7581,0.3,1003,9.42834,166,2.08444,0.783623
34.1735,0.3,1004,9.41659,155,1.96552,0.770794
37.4585,0.3,1005,10.3287,173,2.11037,0.773031
35.4107,0.3,1006,11.1136,164,2.2664,0.858483
39.0543,0.3,1007,10.6178,177,2.24095,0.809006
39.5298,0.3,1008,10.513,176,2.33438,0.845788
35.1038,0.3,1009,10.3575,166,2.08045,0.782124
37.0924,0.3,1010,9.80687,178,2.31704,0.833467
32.9359,0.3,1011,9.23866,157,2.19461,0.853935
35.659,0.3,1012,10.1709,159,2.17228,0.838719
35.7248,0.3,1013,9.8516,165,2.0566,0.776077
33.0034,0.3,1014,9.62385,153,1.82701,0.722139
31.9142,0.3,1015,10.2664,147,1.96654,0.796169
36.1087,0.3,1016,10.2218,183,2.4039,0.849434
37.2391,0.3,1017,10.5764,176,2.16726,0.785241
31.9249,0.3,1018,10.6452,145,1.78866,0.730065
29.8399,0.3,1019,10.5473,132,1.79709,0.774607
45.9737,0.4,1000,9.93445,238,2.52728,0.747716
54.6811,0.4,1001,11.868,264,3.14162,0.863082
44.6838,0.4,1002,11.7459,209,2.46238,0.796886
48.7971,0.4,1003,9.50199,256,2.7897,0.783623
43.5567,0.4,1004,10.0038,227,2.5205,0.770794
53.3155,0.4,1005,11.074,267,2.83702,0.773031
62.7615,0.4,1006,10.8501,302,3.4511,0.858483
53.2652,0.4,1007,9.96653,250,2.83152,0.809006
52.766,0.4,1008,10.6059,253,2.98563,0.845788
48.8328,0.4,1009,10.3651,248,2.72179,0.782124
47.1243,0.4,1010,11.0898,229,2.74211,0.833467
46.5208,0.4,1011,9.97631,225,2.77529,0.853935
53.5981,0.4,1012,11.4984,256,2.98584,0.830332
49.5279,0.4,1013,9.52866,225,2.52225,0.776077
48.675,0.4,1014,10.7459,240,2.45527,0.722139
44.0568,0.4,1015,10.2254,213,2.49201,0.796169
45.1145,0.4,1016,10.6239,237,2.86259,0.849434
49.7036,0.4,1017,11.1067,240,2.66982,0.785241
44.7727,0.4,1018,10.1945,230,2.40921,0.730065
42.2739,0.4,1019,10.9919,213,2.42452,0.774607
67.0469,0.5,1000,10.3874,353,3.38715,0.747716
74.4048,0.5,1001,10.1606,368,4.03922,0.863082
66.7226,0.5,1002,10.5764,314,3.29911,0.796886
89.351,0.5,1003,9.74832,395,3.87893,0.783623
84.9835,0.5,1004,10.4536,396,3.82314,0.770794
85.1629,0.5,1005,9.95432,438,4.15891,0.773031
86.7505,0.5,1006,11.3381,414,4.4126,0.858483
92.9391,0.5,1007,8.02308,434,4.32009,0.809006
88.7345,0.5,1008,9.28429,381,4.06824,0.845788
91.007,0.5,1009,9.43273,414,4.02012,0.782124
64.0667,0.5,1010,10.175,344,3.70059,0.833467
69.0154,0.5,1011,11.9657,345,3.80001,0.853935
74.6954,0.5,1012,13.1684,332,3.62326,0.838719
83.7188,0.5,1013,9.8569,371,3.65532,0.776077
76.7282,0.5,1014,9.09986,403,3.63236,0.722139
69.5654,0.5,1015,10.0438,341,3.5111,0.796169
90.9114,0.5,1016,12.4544,432,4.51899,0.849434
73.2597,0.5,1017,11.4359,371,3.69848,0.785241
70.9763,0.5,1018,9.89368,343,3.23419,0.730065
68.1028,0.5,1019,9.23622,350,3.48573,0.774607
137.077,0.6,1000,8.2017,627,5.4359,0.747716
123.139,0.6,1001,9.62685,561,5.70497,0.863082
123.042,0.6,1002,10.7883,551,5.18773,0.796886
141.413,0.6,1003,11.9192,650,5.87717,0.783623
141.634,0.6,1004,8.6206,633,5.64992,0.770794
165.263,0.6,1005,11.0786,641,5.72816,0.773031
181.911,0.6,1006,7.42769,625,6.224,0.858483
157.144,0.6,1007,10.8699,652,6.08372,0.809006
169.173,0.6,1008,9.42799,633,6.19963,0.845788
184.537,0.6,1009,8.52663,777,6.85923,0.766481
98.9668,0.6,1010,10.1589,462,4.68408,0.833467
116.434,0.6,1011,11.349,504,5.15777,0.853935
135.984,0.6,1012,10.5867,517,5.17489,0.838719
176.691,0.6,1013,10.3401,636,5.71192,0.776077
155.099,0.6,1014,9.83837,635,5.30772,0.722139
101.653,0.6,1015,10.5424,502,4.79294,0.796169
171.722,0.6,1016,9.53074,652,6.38774,0.849434
152.202,0.6,1017,12.2687,651,5.89716,0.785241
117.249,0.6,1018,9.25001,512,4.468,0.730065
122.936,0.6,1019,10.9167,606,5.46873,0.766861
336.466,0.7,1000,0,1085,8.86044,0.747716
593.085,0.7,1001,13.5827,1039,9.83051,0.819928
528.135,0.7,1002,11.3201,1068,9.30763,0.796886
484.674,0.7,1003,8.51335,1083,9.27025,0.752278
338.521,0.7,1004,9.00803,989,8.39394,0.770794
388.479,0.7,1005,9.38688,1021,8.66568,0.773031
991.02,0.7,1006,0,1157,10.6967,0.703956
537.901,0.7,1007,10.6571,1039,9.21458,0.800916
489.855,0.7,1008,0,1007,9.36288,0.828872
443.147,0.7,1009,4.3234,1041,8.92403,0.782124
385.949,0.7,1010,12.9776,890,8.25132,0.833467
253.65,0.7,1011,9.60042,723,7.02788,0.828317
387.909,0.7,1012,11.4925,946,8.773,0.796783
689.057,0.7,1013,0,1132,9.56126,0.752794
365.264,0.7,1014,11.777,957,7.63301,0.700475
212.375,0.7,1015,10.2139,815,7.28494,0.788207
818.071,0.7,1016,10.9621,1063,9.87892,0.84094
472.092,0.7,1017,12.0317,1071,9.19517,0.785241
353.774,0.7,1018,8.08606,991,7.96501,0.715463
788.268,0.7,1019,0,1125,9.48894,0.743623
2159.72,0.8,1000,0,1379,10.8942,0.530879
2403.14,0.8,1001,0,1182,10.6936,0.431541
2301.74,0.8,1002,0,1271,10.6703,0.494069
2593.49,0.8,1003,0,1324,10.8375,0.41532
3041.75,0.8,1004,0,1335,10.714,0.369981
2964.79,0.8,1005,0,1343,10.8224,0.386515
3221.08,0.8,1006,0,1200,10.6624,0.300469
2243.37,0.8,1007,0,1263,10.776,0.501584
2109.4,0.8,1008,0,1206,10.7669,0.507473
2233.02,0.8,1009,0,1315,10.809,0.469274
2172.9,0.8,1010,0,1251,11.0184,0.541753
2398.61,0.8,1011,0,1213,10.8877,0.469664
2249.36,0.8,1012,0,1244,10.9621,0.47807
3015.35,0.8,1013,0,1336,10.7875,0.364756
2936.31,0.8,1014,0,1451,10.9404,0.411619
1969.86,0.8,1015,0,1277,10.7005,0.485663
2549.39,0.8,1016,0,1235,10.9917,0.4502
2257.65,0.8,1017,0,1319,10.8756,0.463292
1926.17,0.8,1018,0,1422,11.0021,0.56215
2791.29,0.8,1019,0,1336,10.7825,0.379558
8719.86,0.9,1000,0,1396,10.6176,0.127112
5604.99,0.9,1001,0,1221,10.685,0.0863082
8014.44,0.9,1002,0,1308,10.5986,0.119533
9835.71,0.9,1003,0,1343,10.6651,0.0861985
7625.22,0.9,1004,0,1353,10.5907,0.107911
9024.67,0.9,1005,0,1364,10.6524,0.0463819
2258.66,0.9,1006,0,1216,10.5336,0.0343393
4835.68,0.9,1007,0,1287,10.5899,0.121351
5005.26,0.9,1008,0,1228,10.5554,0.109952
5554.72,0.9,1009,0,1340,10.7151,0.179888
5970.83,0.9,1010,0,1274,10.7767,0.100016
6479.11,0.9,1011,0,1227,10.6742,0.13663
7375.02,0.9,1012,0,1262,10.7859,0.142582
11344.5,0.9,1013,0,1357,10.6322,0.0465646
6371.29,0.9,1014,0,1469,10.7743,0.115542
6234.25,0.9,1015,0,1315,10.6527,0.127387
10901.8,0.9,1016,0,1248,10.7538,0.0849434
7497.3,0.9,1017,0,1337,10.6243,0.0706717
6710.86,0.9,1018,0,1446,10.7685,0.160614
10815.3,0.9,1019,0,1356,10.6276,0.0697147
