15.2708,0,1000,10.1327,48,1.10662,0.747716
14.9328,0,1001,10.332,38,1.19105,0.863082
14.9635,0,1002,9.89236,42,1.13158,0.796886
16.4429,0,1003,9.7319,53,1.19894,0.783623
15.1114,0,1004,9.80898,44,1.10994,0.770794
14.2264,0,1005,9.92741,36,1.05132,0.773031
14.3753,0,1006,10.0567,33,1.14178,0.858483
14.8436,0,1007,10.6619,37,1.10834,0.809006
14.4412,0,1008,9.7119,37,1.15873,0.845788
15.119,0,1009,9.82013,40,1.09497,0.782124
15.8387,0,1010,9.87786,44,1.20019,0.833467
15.2949,0,1011,10.7331,40,1.19551,0.853935
15.5165,0,1012,10.6426,47,1.23292,0.838719
15.3765,0,1013,10.2891,46,1.13307,0.776077
13.9776,0,1014,10.8457,29,0.931559,0.722139
15.1493,0,1015,10.2547,40,1.11464,0.796169
14.5948,0,1016,10.2282,40,1.18921,0.849434
13.6968,0,1017,10.4153,31,1.02867,0.785241
15.0498,0,1018,9.90378,47,1.0732,0.730065
14.5883,0,1019,10.5189,38,1.06896,0.774607
20.7398,0.1,1000,10.5744,80,1.34589,0.747716
19.9423,0.1,1001,10.6066,69,1.45861,0.863082
20.3718,0.1,1002,9.8705,76,1.40252,0.796886
21.3201,0.1,1003,9.62185,85,1.4497,0.783623
19.725,0.1,1004,9.14462,77,1.3643,0.770794
20.1668,0.1,1005,10.145,74,1.34507,0.773031
20.8478,0.1,1006,9.84081,72,1.47659,0.858483
19.4605,0.1,1007,10.5938,66,1.34295,0.809006
18.7731,0.1,1008,9.645,66,1.40401,0.845788
19.885,0.1,1009,9.8587,71,1.33743,0.782124
20.8534,0.1,1010,9.5574,77,1.47524,0.833467
19.2951,0.1,1011,10.5163,69,1.44315,0.853935
21.0789,0.1,1012,10.6054,81,1.51808,0.838719
18.8589,0.1,1013,10.1057,72,1.33485,0.776077
18.9551,0.1,1014,10.4332,66,1.19875,0.722139
21.3624,0.1,1015,10.4591,74,1.38533,0.796169
17.6736,0.1,1016,10.4466,61,1.36759,0.849434
19.3931,0.1,1017,9.941,67,1.31135,0.785241
20.2782,0.1,1018,10.0007,75,1.27761,0.730065
17.9535,0.1,1019,10.0932,60,1.23937,0.774607
25.5626,0.2,1000,9.94066,115,1.60759,0.747716
25.768,0.2,1001,11.3275,104,1.76069,0.863082
25.4273,0.2,1002,9.07161,110,1.67346,0.796886
25.4205,0.2,1003,10.1223,111,1.65344,0.783623
27.4673,0.2,1004,9.06063,125,1.73429,0.770794
27.3825,0.2,1005,10.3925,117,1.67748,0.773031
26.1685,0.2,1006,10.6947,102,1.73414,0.858483
26.5738,0.2,1007,10.0781,115,1.73936,0.809006
25.5332,0.2,1008,9.28265,103,1.71695,0.845788
28.049,0.2,1009,9.90831,123,1.74414,0.782124
28.361,0.2,1010,10.0717,119,1.82529,0.833467
27.3444,0.2,1011,10.9586,116,1.8445,0.853935
28.4232,0.2,1012,10.7122,129,1.92067,0.838719
26.6641,0.2,1013,10.8523,116,1.67633,0.776077
23.9558,0.2,1014,9.59896,100,1.44428,0.722139
28.3119,0.2,1015,10.8199,116,1.71972,0.796169
24.0346,0.2,1016,10.307,101,1.70736,0.849434
24.11,0.2,1017,10.2095,100,1.57048,0.785241
28.347,0.2,1018,10.3023,122,1.62074,0.730065
22.4469,0.2,1019,10.7301,86,1.44077,0.774607
31.8718,0.3,1000,9.39427,152,1.88424,0.747716
33.5176,0.3,1001,10.3003,154,2.19223,0.863082
33.356,0.3,1002,9.79567,153,2.01612,0.796886
40.0354,0.3,1003,9.11848,201,2.3587,0.783623
34.5224,0.3,1004,9.56681,165,2.0426,0.770794
33.1234,0.3,1005,10.239,153,1.95577,0.773031
34.9717,0.3,1006,10.3586,147,2.12045,0.858483
38.6356,0.3,1007,10.4368,171,2.19241,0.809006
40.3004,0.3,1008,9.40531,168,2.26671,0.845788
36.1834,0.3,1009,10.6422,166,2.08045,0.782124
43.8176,0.3,1010,11.1622,201,2.50874,0.833467
35.2582,0.3,1011,10.121,164,2.25439,0.853935
38.5429,0.3,1012,10.6392,179,2.34003,0.838719
37.2717,0.3,1013,9.94198,167,2.07212,0.776077
34.3736,0.3,1014,10.9107,159,1.87034,0.722139
35.0013,0.3,1015,10.15,163,2.09392,0.796169
30.9279,0.3,1016,10.291,148,2.1066,0.849434
29.3173,0.3,1017,10.6735,129,1.7982,0.785241
35.2113,0.3,1018,10.28,167,1.94927,0.730065
39.448,0.3,1019,10.746,155,1.97525,0.774607
41.5896,0.4,1000,11.4715,199,2.23567,0.747716
44.1855,0.4,1001,10.6097,213,2.70145,0.863082
45.4897,0.4,1002,11.2122,231,2.63769,0.796886
57.1424,0.4,1003,11.848,296,3.10315,0.783623
41.6383,0.4,1004,10.4877,214,2.42029,0.770794
51.8562,0.4,1005,10.5494,254,2.73653,0.773031
50.5256,0.4,1006,9.14252,218,2.72998,0.858483
52.0218,0.4,1007,10.1613,249,2.82343,0.809006
63.816,0.4,1008,9.39334,280,3.214,0.845788
52.2217,0.4,1009,10.4371,253,2.7609,0.782124
55.1406,0.4,1010,9.62851,286,3.21718,0.833467
52.3708,0.4,1011,11.6862,242,2.92046,0.853935
50.8061,0.4,1012,10.6638,258,3.00261,0.838719
50.2011,0.4,1013,10.4735,234,2.5921,0.776077
48.8661,0.4,1014,11.2086,243,2.47694,0.722139
52.8961,0.4,1015,9.79648,240,2.70697,0.796169
46.3482,0.4,1016,11.2164,236,2.8541,0.849434
39.537,0.4,1017,10.2712,194,2.30861,0.785241
50.554,0.4,1018,10.7202,260,2.62823,0.730065
50.5994,0.4,1019,10.9912,246,2.68014,0.774607
67.7929,0.5,1000,8.72733,368,3.49931,0.747716
76.4113,0.5,1001,9.6849,360,3.97018,0.863082
67.8278,0.5,1002,10.9519,364,3.69755,0.796886
76.5351,0.5,1003,11.2529,389,3.83191,0.783623
79.7851,0.5,1004,9.38474,373,3.64585,0.770794
76.8337,0.5,1005,9.56641,380,3.71055,0.773031
93.2852,0.5,1006,11.4251,398,4.27525,0.858483
93.3735,0.5,1007,9.58613,423,4.2311,0.809006
96.1684,0.5,1008,10.6177,477,4.8802,0.828872
87.4503,0.5,1009,9.82438,434,4.17654,0.782124
84.7329,0.5,1010,10.1149,400,4.16733,0.833467
91.3873,0.5,1011,11.6861,384,4.13305,0.853935
67.2862,0.5,1012,11.4906,335,3.64843,0.838719
64.3451,0.5,1013,11.8172,348,3.47682,0.776077
71.3855,0.5,1014,10.1878,352,3.26407,0.722139
77.8047,0.5,1015,9.11656,360,3.66238,0.796169
71.1305,0.5,1016,10.0573,377,4.0518,0.849434
63.0869,0.5,1017,10.3274,333,3.40009,0.785241
84.4104,0.5,1018,11.3126,418,3.78174,0.730065
72.7081,0.5,1019,11.1217,362,3.57869,0.766861
147.502,0.6,1000,10.6483,604,5.26392,0.747716
129.012,0.6,1001,14.8344,572,5.79991,0.863082
152.951,0.6,1002,9.52648,641,5.90493,0.796886
131.363,0.6,1003,6.72806,582,5.34431,0.775786
120.034,0.6,1004,10.5868,524,4.80975,0.770794
164.275,0.6,1005,10.1502,655,5.83638,0.765301
204.117,0.6,1006,8.5827,673,6.63608,0.858483
143.611,0.6,1007,10.4794,625,5.86529,0.809006
180.223,0.6,1008,8.18615,672,6.52949,0.83733
149.51,0.6,1009,11.1601,655,5.90503,0.782124
191.915,0.6,1010,9.63834,633,6.10931,0.833467
169.17,0.6,1011,10.8933,666,6.54114,0.853935
105.79,0.6,1012,10.7967,482,4.88134,0.838719
109.52,0.6,1013,10.7757,508,4.71855,0.776077
96.7581,0.6,1014,11.2292,474,4.14508,0.722139
191.672,0.6,1015,11.5249,629,5.80407,0.796169
129.31,0.6,1016,11.8218,559,5.59777,0.849434
91.6247,0.6,1017,11.2457,461,4.4052,0.785241
137.271,0.6,1018,9.49304,646,5.44628,0.730065
164.906,0.6,1019,10.6214,633,5.67787,0.774607
261.564,0.7,1000,9.25752,912,7.56689,0.747716
298.284,0.7,1001,13.5646,909,8.7085,0.828559
405.824,0.7,1002,6.67592,1038,9.06856,0.796886
735.579,0.7,1003,11.0904,1143,9.74043,0.760114
447.211,0.7,1004,12.2474,1025,8.67143,0.770794
685.694,0.7,1005,7.47246,1119,9.42325,0.773031
399.198,0.7,1006,11.5729,934,8.87672,0.832729
343.362,0.7,1007,11.5971,894,8.04152,0.809006
1079.26,0.7,1008,7.48976,1138,10.4624,0.778125
363.874,0.7,1009,11.3378,1027,8.81454,0.774303
701.482,0.7,1010,12.5769,1066,9.71822,0.833467
526.811,0.7,1011,0,1037,9.7007,0.79416
276.794,0.7,1012,12.484,881,8.22783,0.830332
259.45,0.7,1013,13.535,913,7.86166,0.776077
333.649,0.7,1014,11.7361,1047,8.28293,0.722139
747.92,0.7,1015,10.2705,1169,10.1034,0.796169
303.357,0.7,1016,8.90896,852,8.08661,0.798468
238.851,0.7,1017,10.4445,841,7.38912,0.785241
664.213,0.7,1018,13.5261,1130,8.9798,0.715463
416.92,0.7,1019,12.2805,1019,8.66786,0.751369
2751.08,0.8,1000,0,1382,10.8045,0.418721
2113.76,0.8,1001,0,1197,10.8921,0.500588
2329.53,0.8,1002,0,1287,10.7819,0.470163
3093.88,0.8,1003,0,1324,10.7748,0.344794
2418.87,0.8,1004,0,1337,10.8142,0.454768
3490.03,0.8,1005,0,1346,10.7529,0.301482
2812.19,0.8,1006,0,1194,10.7139,0.394902
2503.74,0.8,1007,0,1286,10.8488,0.388323
3101.57,0.8,1008,0,1219,10.6823,0.312942
2090.47,0.8,1009,0,1318,10.8637,0.500559
2299.37,0.8,1010,0,1245,10.9351,0.50008
2051.6,0.8,1011,0,1201,10.8279,0.512361
2362.98,0.8,1012,0,1248,11.0208,0.494844
2561.42,0.8,1013,0,1336,10.8573,0.434603
1742.98,0.8,1014,0,1382,10.5721,0.541604
3303.92,0.8,1015,0,1307,10.796,0.334391
2949.84,0.8,1016,0,1232,10.9152,0.39074
2398.13,0.8,1017,0,1300,10.7185,0.45544
2327.89,0.8,1018,0,1423,10.9072,0.467241
2318.95,0.8,1019,0,1316,10.7051,0.457018
9241.79,0.9,1000,0,1397,10.5951,0.0972031
7204.06,0.9,1001,0,1218,10.7195,0.138093
8187.81,0.9,1002,0,1306,10.5906,0.127502
7882.37,0.9,1003,0,1344,10.6808,0.0861985
9214.23,0.9,1004,0,1352,10.5907,0.115619
9742.16,0.9,1005,0,1362,10.6756,0.0927637
6177.42,0.9,1006,0,1211,10.5593,0.111603
5789.27,0.9,1007,0,1301,10.6546,0.0889906
5425.07,0.9,1008,0,1232,10.5216,0.0422894
5989.17,0.9,1009,0,1335,10.5978,0.101676
6744.52,0.9,1010,0,1274,10.7851,0.108351
5022.45,0.9,1011,0,1223,10.7169,0.204944
3401.46,0.9,1012,0,1265,10.7608,0.109033
8601.6,0.9,1013,0,1351,10.6478,0.108651
8474.37,0.9,1014,0,1466,10.7526,0.115542
10303.2,0.9,1015,0,1319,10.6687,0.111464
5615.23,0.9,1016,0,1247,10.7963,0.144404
6190.71,0.9,1017,0,1335,10.6557,0.117786
9128.61,0.9,1018,0,1452,10.7539,0.102209
10924.4,0.9,1019,0,1355,10.6354,0.0852068
